8201
13633
12048
27015
3254
44457
18074
22035
995
22315
27430
29240
37449
49240
41008
35365
10340
38717
14844
19579
45012
6893
16583
2765
8661
37010
8507
38788
44260
17013
32509
46146
26126
18203
36208
40608
29935
34446
46804
29783
22856
26830
49501
2128
33405
15754
48974
49691
7858
26578
29259
7137
33227
11146
6186
28733
16458
15096
45801
11461
17357
15873
681
30844
41591
6822
7924
2329
41874
38026
24278
33794
20045
38311
18424
29422
41914
27996
42142
19316
29449
21321
34716
27188
39634
30934
29133
27609
25547
9037
3436
9308
47241
19328
38229
6946
49013
45089
45648
29821
7772
10908
35227
28860
14342
7784
20939
2133
22619
19452
36378
37772
32033
1333
45939
29671
11148
6311
25633
36247
45633
46913
19588
27932
37603
31723
21810
5970
42741
9433
15267
41395
8885
5989
45281
31658
31364
19230
29764
34686
29770
41984
34175
45769
25295
15189
29986
21341
18135
27003
14451
21386
12907
13484
38380
37612
6084
5316
35815
22451
5502
27483
15560
5277
47653
30648
21972
19446
26253
46679
34941
6934
29160
12025
32060
1117
29030
45267
40109
2143
48346
13281
20685
6748
2193
22884
27074
9560
25410
9743
47896
28628
25303
38903
28668
28979
6170
32212
25052
3919
9455
28735
43519
25240
25612
743
10366
43076
23930
12054
25584
26811
14249
4127
11769
23033
21022
25226
44764
4534
19664
25135
45918
10317
46393
22647
34635
8686
38546
32594
10877
7998
42852
41439
39103
46236
24263
25446
28635
13019
6981
45189
14227
2494
6222
41342
5995
46101
39676
40709
32230
15920
38850
1798
17279
7387
41738
18354
23966
39974
1874
25413
26362
7783
16626
18224
33809
23024
21966
49661
30040
39244
10321
36159
27782
5620
6514
22092
21414
15677
5428
47540
38267
30268
41308
40934
25032
18467
6047
3791
11793
2606
1587
8656
36634
40189
32657
1731
26368
33240
8361
13201
44484
37546
5978
11454
34713
16918
46356
44458
47739
38789
45809
44791
5172
6164
29418
14473
28153
31134
33349
28806
17852
22897
46263
47943
4680
1562
8550
49400
8773
6593
3300
49946
27968
49874
3440
29717
48696
32235
45942
14615
731
12592
45995
29044
26925
31341
29011
27257
7220
32075
1166
23407
12524
40276
6595
31163
34023
33403
46754
19601
2200
13563
37675
16655
9316
1130
14838
34867
6103
8449
45311
47478
10792
45469
7866
33828
14633
37752
12456
20
28404
27741
8166
27954
40409
16032
42336
47789
15149
21978
38214
42364
18511
49396
30370
25319
43001
49112
35155
6196
37932
14658
26613
25490
37378
20879
13826
39757
35839
24308
21203
32417
40380
46345
7360
17401
26943
46383
19317
28839
41151
42914
41256
44249
33755
42275
303
5242
18570
20925
44181
8292
2842
28467
8634
36150
3442
25141
17713
37838
13441
48358
47849
29028
12453
8336
13340
1545
22380
32350
39909
49827
13237
26710
30799
46306
16746
46926
31037
12002
12488
12264
24451
43968
14661
17154
974
13022
31947
15932
8478
21275
8305
15165
48981
10196
17788
7557
22947
14913
1618
13854
23554
47002
2938
19916
9535
42665
6095
42234
16133
45661
18476
34747
29761
13967
30882
14762
19791
17138
575
32227
23150
18376
45124
16709
12634
26308
23108
30296
25809
8893
1909
32061
14111
16551
25081
25313
48565
31664
41983
39855
10234
47299
31774
9383
31993
48950
23017
16549
17169
15875
17346
19673
1204
15224
1480
12144
29477
48458
25164
46049
37628
21781
38753
14237
9823
7261
15703
34804
17463
1996
47043
43497
20057
28915
23234
13560
19926
28329
2574
666
37055
17259
21142
12616
49046
11746
36969
35309
23591
2003
41587
4119
22514
31288
25467
42340
35986
43159
44472
28570
21584
7066
7745
30622
38564
41641
18004
49500
2581
35447
14041
29054
37362
10208
48247
23181
1162
25926
27818
30434
29043
15236
14586
30412
22275
4002
47944
11557
5800
8315
3702
19795
7129
47741
20161
21018
28538
4768
17940
31607
4923
33205
40070
13524
18275
24769
19494
49335
38968
33952
15008
48910
41108
35478
22204
1945
28064
38431
43296
42821
47905
47841
46951
8762
10030
13755
21548
13804
11821
21180
45000
32579
49496
16523
37207
7532
49091
14997
16042
33666
18922
14663
38712
12501
40263
41158
6963
21020
19426
4109
33924
47314
15705
39284
39148
26430
41741
38993
42777
24468
27511
25425
35648
31435
47567
12504
13101
16469
24924
27580
45048
41684
16472
34163
45686
30683
18769
4723
2244
24830
37550
33311
18639
41916
19255
35153
4705
33018
12916
6804
19682
32854
16269
23962
18340
23187
11831
2078
40181
1972
7542
17087
35056
37141
48236
43852
45315
8957
41120
23772
42881
35680
335
33414
19796
40371
36729
49552
14736
45552
24096
24326
37904
30767
46115
45266
23232
37070
28913
7188
23158
2025
19681
46247
35696
24040
11735
41638
5074
43927
47386
21031
49584
26727
14800
36296
45288
26294
10438
38723
46330
14453
34113
30241
21640
38137
12153
15041
32467
14160
18316
9426
18903
14961
23679
16219
22122
23896
40394
1428
24257
33284
32348
3502
48408
2264
19096
11143
8515
8909
38154
39734
36319
41066
48770
38077
27974
48118
34463
48765
29092
31693
8747
1165
43936
40977
40692
11244
48141
2124
31235
23709
14576
31250
32829
6531
47781
25875
26297
9203
25835
16017
44733
18463
37778
8137
24225
40030
49799
20724
38430
44025
33583
7036
808
20348
23844
12769
33089
26380
44335
37130
9684
22493
37349
13144
20067
35667
6280
5645
39879
47720
21804
34954
26856
23796
30228
26724
25444
44694
5649
43930
26206
2970
34835
7314
28563
2059
5293
26028
2906
16722
21252
21364
34456
45412
38360
46000
5826
22216
45009
27252
30889
10120
14974
1297
47012
21934
2568
49414
16941
12835
16598
10139
4485
10995
46174
9794
10876
6146
24160
49180
37750
20947
8096
5917
26276
32319
38846
3826
28282
23788
34305
25658
8430
20578
43515
40603
42069
26269
43926
26266
20395
40832
29194
36636
4332
32331
38199
32876
19234
8581
4628
24164
35179
6598
42811
48329
15890
35142
22790
41028
1932
3772
5335
1394
1633
28715
18023
29185
11538
40771
2492
46832
20380
31048
13355
35224
47829
24044
26135
20137
36597
8789
40925
3638
29245
29805
2903
30496
30054
12454
41382
18409
7950
5819
2257
11760
17451
32547
4036
30205
23706
18555
35624
9179
16292
18712
24742
34553
45569
9527
23952
5928
34289
13481
7874
17145
7568
37458
44766
11973
24113
2387
27320
33539
33531
48932
37016
44517
15788
3979
35719
4007
2111
13718
21597
25183
19549
38227
39540
1768
31850
33280
33724
27253
45401
5578
32637
13657
19262
20355
25598
48151
38399
5078
36154
32404
24517
26227
40860
35841
10799
28972
41646
45990
41674
28675
30959
9791
35000
1857
29895
26178
40115
44708
49645
32593
11920
18846
46189
10776
25126
41052
7199
26211
43883
38241
25877
38133
28989
44200
26896
8439
44041
35072
31445
33627
49701
45500
12145
24755
14324
15613
4940
1554
28053
17526
8799
1111
5139
22407
22212
16432
3997
2006
39910
16790
38093
42924
49439
549
24630
35554
28473
35698
42951
5215
3888
39057
26611
17115
33629
6241
36536
6434
48996
46204
5713
32437
33042
8475
3449
15615
26954
28689
7227
32541
25876
25409
23977
13266
44770
35054
20165
44691
27040
42912
20107
32800
26742
24473
28973
10821
18132
47695
48966
48389
49047
26679
4306
33069
41340
13357
42883
34112
19358
14322
18874
38040
12384
40816
26880
41882
8502
42424
33449
33623
18215
47680
27579
9054
26154
11038
41348
32137
48528
28643
41164
13852
35824
26155
29037
598
16138
38079
46797
17653
42251
36180
18032
1119
608
3
30290
8529
42937
46777
25687
19029
35422
45980
22296
42383
229
15060
32871
48497
27005
13148
41452
32775
36771
36629
21202
16337
22875
1344
16539
35991
22586
44547
11775
20230
1466
32177
38406
3777
43597
28050
24289
8005
47909
4732
29586
25767
28253
47214
17838
33503
7907
9894
28890
27687
43157
8837
47502
110
34072
41762
29785
10194
49647
23530
11884
30685
7144
43516
23988
36332
28371
6960
17410
44991
20131
31003
47055
39988
5635
24750
43033
25396
46497
26321
32440
8577
34833
4584
47295
48711
44742
2685
45454
6862
14283
25035
13115
21082
30436
10514
29115
21780
11705
24342
15558
47963
15670
31091
16205
1439
625
46586
22681
18691
5241
39281
27870
16753
14384
49008
492
10685
9608
30352
49285
27460
6992
46063
46449
40527
36205
40025
42250
7595
24671
9910
22987
33860
12661
44516
24860
11647
13856
676
38969
46446
10303
26199
49964
33212
34259
3240
8636
43329
40515
13642
13911
30045
29482
437
20923
30057
25262
35601
5850
44236
5223
36559
25125
28227
11164
48849
35967
28331
35791
30861
23271
11792
15735
17015
37877
15153
43198
33030
1181
13
19820
48425
43279
8887
17501
39639
20777
19486
72
14216
35338
27468
12720
16572
22663
12100
38746
47334
22138
23974
49878
45403
47509
2044
49756
15827
18649
25475
4526
33792
43391
6239
45589
31089
30881
13829
40164
472
3116
6153
26475
39898
1782
21227
44881
45563
32337
36854
31822
9111
39896
32961
24994
9390
25167
22355
29964
19744
31989
20877
45001
13830
8844
41257
49738
32205
44328
36280
20765
12921
13449
35666
2343
4971
12970
7968
49142
4758
25954
7317
12247
34870
20210
49101
14555
24307
23540
13954
15893
32169
3812
45674
14145
20105
9787
15073
24740
33150
20123
28261
6846
49127
25361
21842
12196
31605
43816
30929
2573
32855
9117
17477
34021
9764
8514
24682
27270
32558
2011
35843
17250
39055
32585
29625
277
32798
8948
12677
30858
7478
7295
17241
17022
7362
1403
42436
48588
23874
19291
38116
23872
43059
32001
30421
26807
8861
14080
30171
46798
10887
28148
25374
28260
39759
34859
17317
18184
38765
44421
26623
26162
19052
35990
7407
31434
25271
12512
23028
41981
23864
13931
11375
16088
26741
30590
19161
16762
18363
25134
12377
13350
43652
11032
20061
25800
13903
3393
29403
30820
38905
13317
37444
29408
17858
7085
43549
31848
36435
35573
28768
7848
37095
22437
47461
35024
46884
27089
14677
23904
10316
12089
43401
45174
20546
22734
15644
34707
11506
23483
34981
12719
5896
32624
3494
38341
10497
43603
4644
7122
22223
934
36599
37848
39340
39877
18789
49527
26369
29238
18280
40917
2899
43855
38740
26459
7423
14148
38374
3795
16093
36998
5362
44868
36523
49069
20762
23715
16034
11319
17496
45324
16154
25145
31006
46394
21723
46048
19252
32973
44088
32436
25390
24354
14288
6173
40370
17514
10824
37507
49100
46857
45168
10103
26547
30670
36432
32285
9222
17187
46322
7390
3954
17379
14157
13930
10496
49666
38152
19544
44795
40735
46845
38167
5093
22136
45947
49891
6690
4623
42619
10444
40723
16403
25330
13272
34590
19274
7147
8467
9706
44382
14208
13182
15215
22546
6025
23929
20442
17969
39008
15513
16319
22542
31590
4420
24331
17884
31564
44310
22805
38901
41783
49199
24962
19763
7624
33803
3408
25591
21868
45635
22036
4408
3153
8456
33643
47710
32886
49796
42626
11055
32995
24659
14825
44072
39934
15710
38275
17603
22081
46266
46221
44944
31891
30955
16748
16143
31675
13525
24071
26500
36128
37804
17038
23860
7006
15269
33634
36865
19320
24895
20760
48616
26382
10805
32986
5232
3008
41619
35479
8955
43768
41776
44097
20769
22209
30669
11958
26628
49220
3063
41792
4651
24270
13385
17324
4078
2767
48657
12397
17811
26193
9966
6617
41009
29660
34037
7150
26534
4805
47500
49209
8290
10766
10483
37292
3096
7650
48404
7665
45347
45077
2217
1269
4143
35099
25261
10592
26357
43915
26171
42772
3509
26283
31262
37047
38139
15263
42068
5515
19278
40287
47640
18159
19921
14951
5357
32901
7493
18228
29561
37782
42803
26130
5683
34317
29709
48777
28925
9874
48988
25649
31014
48661
4439
35219
597
25460
43086
7222
49771
19546
4429
24029
1756
33210
43366
4431
37584
6591
31018
23163
47149
44142
32401
33206
34268
20665
39277
11050
10891
22773
21489
2436
33260
49453
43461
47498
42072
19518
3708
36215
23763
33795
19608
16632
31005
28291
47908
6248
37830
9817
17237
33341
25888
33767
14066
38401
22372
13988
32852
41682
14446
9692
27779
34203
12934
11680
48198
29461
339
1209
26104
35710
12712
14705
43015
24352
4753
7452
3341
37840
18368
31125
11212
44083
13865
47786
35042
1214
19456
2313
37445
14097
725
46216
36456
25110
10931
7032
17637
4518
32140
19857
13476
47726
42458
36543
38626
29090
19242
39253
27845
34869
44620
29876
7488
5434
41129
20627
11331
7462
11136
26042
33879
10527
13608
15806
43084
5319
2041
23463
1664
25969
16092
14436
42073
23915
2883
9391
18930
34437
32696
31665
41041
8012
42320
31256
11708
35526
20854
7410
12203
28820
22028
15380
43004
1732
5050
34496
26784
10262
11366
7825
48999
41876
12786
9555
3634
45369
15370
10000
39195
37902
24733
41276
13164
27518
7198
39905
47633
16181
49582
30416
33619
34297
49953
19210
27706
7021
22749
47474
46879
6000
9402
12121
7132
15547
6889
20235
34230
39352
3207
1286
39435
1050
13906
25641
3862
12754
42473
15542
31750
26560
39375
36510
19576
39605
38372
31681
37754
28649
2298
3482
22759
36206
1997
39975
47932
31087
32749
49471
23886
35220
26546
3766
9302
41062
34272
37510
33397
47457
19027
24072
24413
31486
47408
44644
10829
5881
40993
11441
26828
39314
28902
7214
30165
172
6967
47357
44859
31302
31794
4251
32412
40972
4935
40267
34067
14468
30076
24419
28407
16029
1535
39199
30745
21078
6800
4794
20794
49397
18753
24559
2593
37330
44182
29448
39200
36993
32282
20092
21435
29667
18816
35515
37874
2618
25668
15854
13433
42152
31170
19123
42254
5854
2933
8711
22175
30987
5181
18213
4221
13650
43343
5807
28669
16134
47559
41618
47223
13568
35763
16840
31047
36810
26874
33919
20611
31315
37537
18493
47246
25102
48473
48126
31970
16123
46250
23340
33217
27427
39619
12765
38766
19698
44432
44836
19800
16911
34502
32841
14851
7689
32085
25814
15122
45364
35366
34603
27291
46209
16937
48194
164
17312
43411
8022
7861
32069
43178
10761
17639
21165
23738
7909
48634
47329
3017
14085
661
35274
20886
49363
1110
4892
6530
5886
47421
31282
32120
35854
40571
43224
31952
29121
44505
26990
30717
11224
15320
8821
21705
28513
35021
40201
17112
3828
26899
118
9749
46368
24961
94
44417
46557
2005
26614
29697
38096
35008
5323
36497
22466
35532
20222
25027
23523
34340
35448
11498
42180
41148
17989
33760
9261
30908
38463
21473
27287
29485
1721
47279
41819
20695
29943
3373
29527
35748
15796
43688
29589
11779
23670
39215
49012
12525
43341
22077
43623
35135
23935
7782
15929
44716
10431
36928
13849
876
3613
13167
49323
16580
5866
27251
35032
6783
10451
43929
45466
9516
18359
37899
9239
5406
22104
19695
39911
23877
21697
16669
9928
48738
26698
32092
41942
39240
22063
5004
30536
12645
693
33387
42763
30017
42483
33603
24461
15112
29886
40757
1082
27787
20757
29233
33906
17636
20738
32913
1006
3413
20369
10537
43612
48285
29452
43018
36604
6767
22728
19258
2036
23885
44739
37795
30453
28466
44277
44143
40091
6404
16776
38151
13707
40458
4453
1193
42327
18851
48623
8511
17007
8147
3568
17533
13006
8094
6235
43052
21189
42534
16317
10090
43951
45335
17821
38776
7965
17252
21229
49542
49254
14045
30983
5750
31957
9770
28650
16537
32743
9358
43752
23608
9318
122
35559
35109
41952
14132
40143
43876
10846
6350
26752
10626
10716
39011
27243
48603
27298
6897
13504
36143
7887
462
8565
2669
23965
5808
47886
23144
35629
12395
3911
10562
34875
20647
14547
93
1871
12768
16736
7986
18090
26454
23820
4957
9805
3459
29137
30666
41261
376
44909
43378
41419
15859
1668
14496
25629
34903
27769
39414
15394
22053
5984
8993
3709
37274
46282
38010
2383
47309
48027
25635
6982
49853
16814
20022
9633
17248
17588
13616
15973
34611
30921
40095
42657
494
48409
42678
49923
27279
10895
15421
43112
45512
14082
26610
27969
4213
40962
6603
9349
27590
1497
20612
45471
28721
25528
44228
32005
49456
14190
24930
39749
44440
48831
13121
19889
2118
21002
45524
11290
25604
20203
25290
40347
16393
11704
30539
36367
3805
47799
396
39899
31506
19224
14121
21228
15393
22533
20104
44573
4933
16117
26971
4576
11524
42350
41585
9335
4154
21186
22316
11967
47353
45496
49505
13032
30456
42781
8211
11163
32653
43206
21428
9814
4802
13760
49010
251
45104
19909
34863
37950
44832
46902
21335
31617
400
2679
14523
20407
41953
4552
46645
27917
48290
1145
15046
21897
16661
10633
35716
35039
34843
19890
27569
36256
24832
20739
42357
2332
365
435
46260
28152
32430
27025
19133
41770
37280
19408
12347
5823
43869
4117
42056
42278
20541
49039
49212
35454
3260
6491
47437
16037
26800
47991
24611
44928
24664
5266
38482
14323
6180
10860
33361
15968
7377
24318
15772
1942
38608
41286
22188
29705
30582
48068
7044
28444
16556
19432
5753
48568
8237
28451
36146
32269
41358
49813
8552
13625
8185
14375
37390
40157
6972
42778
26484
18177
46246
4816
4289
37297
41796
10796
30673
10066
19511
17163
47619
49534
48888
37062
6066
28529
26612
32087
28757
9467
5774
47320
39330
25567
49124
53
32073
49167
40200
27088
12741
46411
28786
6038
27908
41968
9720
17982
3170
26524
9589
727
4596
23887
726
31937
45276
26621
32978
3906
45748
39068
14907
15066
24459
38403
31096
45582
36228
23579
23732
35148
49293
40194
541
29555
49106
44326
4917
39695
10374
29499
5658
18331
40308
9078
10996
28848
30499
26339
45585
31305
10816
25310
28234
4967
46462
42331
36212
10937
28219
33003
42328
41273
2940
9602
22747
35078
46321
3913
9647
1357
22279
7492
20530
48016
16277
46510
19633
31576
1792
9288
23237
2334
45235
41726
21592
24345
5874
22333
2553
2306
31871
3658
47085
29481
21342
19929
6266
38859
47023
33098
33430
18984
8347
24687
11665
40517
39495
17291
25172
43916
29540
28960
43931
44853
43556
5877
18996
8349
20603
29163
34649
29836
14486
29743
39049
18452
43534
29676
28728
41023
45857
4524
47139
45662
31465
19898
27584
40536
25373
37958
44439
12770
926
18837
5037
32940
3983
34400
42578
33568
12103
29436
6035
28776
30481
40922
23185
8418
48754
6306
3468
20364
2443
56
5079
4158
45290
44247
28237
178
39454
30600
11770
38962
28229
37040
7350
39918
20741
27092
27376
19389
15605
49395
38358
1519
42006
27469
16784
21461
26395
37483
8353
8105
2520
42093
13450
42612
40322
11226
25363
8162
31093
26501
22377
2666
23252
18862
49146
33563
5243
30380
18992
44051
5733
44454
10758
35367
28684
19305
9556
29654
15546
38326
26709
43304
4521
44681
24007
33802
42431
21156
49589
25619
7293
31499
34489
8362
47798
5165
49674
2578
44635
49876
14703
19848
11108
20916
7474
27520
1761
15493
37861
5011
19334
24529
35123
7947
27734
18686
6256
32469
35657
38759
32817
17745
25461
36736
12709
40348
45275
8014
26285
10142
37699
8407
5042
351
12262
31800
13816
41131
28539
43008
23545
31464
21578
35025
35170
34608
46757
13429
26072
8170
9235
7586
41946
18292
24560
1386
40481
10912
27006
8175
41048
48054
31786
5171
5024
22403
36312
30223
34049
41476
10992
6446
8191
39935
3960
32239
38264
25007
36267
6462
4809
16618
20344
23826
14940
40281
16796
37210
33765
12672
12906
28068
3787
30466
6223
46387
19636
33713
13697
10016
6156
25861
24629
33093
11181
45270
6478
40368
36387
22994
22229
35272
4028
18488
48881
30940
22543
49273
12286
15449
23448
20224
11721
25464
29202
20848
42441
19065
23297
8824
21631
13451
47745
13297
4077
8642
25256
22443
6747
9775
46035
30537
7442
5704
19108
38351
11063
49810
13549
32863
21571
15939
22932
45974
25034
27280
16263
41806
39685
37465
16528
27981
41143
1992
48019
35584
42193
49435
13286
32210
2748
48653
36540
16909
48899
3066
21178
30242
9581
31632
7451
28341
43745
24267
48934
39219
10162
11628
47198
8249
25354
8694
4322
39708
24738
13067
26712
43160
15462
9030
37324
28323
43208
31845
34735
26191
7771
15844
20898
33143
46866
10081
11260
4140
18826
31969
1656
46006
21826
35825
18636
17904
30183
20919
1450
35140
11306
30847
5889
43301
27216
7600
41228
1352
1522
24476
47626
1144
34089
3847
31726
10946
13591
1143
47887
1092
41130
10143
30487
10812
780
17630
16061
32238
40862
522
34398
40879
28462
37138
46011
39933
49533
37192
37792
28512
13095
36059
14357
7152
30675
5192
31663
32213
14580
35713
24158
11179
43031
10797
39589
19447
8388
29089
45744
17628
20500
19460
13482
37175
13614
32498
47764
42177
32151
44918
35677
3858
5779
12509
12730
12433
29356
44281
9807
29339
24058
40886
3672
9935
15246
1999
3356
46078
49033
11313
28690
24221
14857
22580
26176
18416
28881
21371
36061
31586
38584
40593
2182
4645
21383
30739
15448
30960
5490
11993
15511
5712
19411
44412
43469
39127
21557
20001
33657
49768
32482
9631
36409
33424
5474
20531
4710
31843
21910
42062
40248
44491
34473
28629
37093
14489
26052
3600
27344
15928
28604
42394
24414
3887
16646
39941
33106
1202
182
47234
34430
14407
13195
17889
31493
11126
30260
26019
1920
2905
38824
41839
40472
46688
28897
9961
41900
11144
22376
5884
29611
19425
32968
36772
28275
34391
36102
31042
860
32893
22739
48629
33683
30264
27479
42893
35307
21313
39735
30303
41453
23130
4532
46065
3248
48928
37256
23089
19145
19704
21614
40987
8763
139
15167
25352
11940
11795
20686
19869
49250
12051
32673
4001
43063
48130
9525
13277
39648
23617
27367
7785
10565
31124
22849
44543
12855
31597
671
12840
46862
8266
44372
12881
44187
47950
11988
11293
38921
32935
45605
26893
4788
29753
26967
3623
30977
42956
19885
30521
14604
45756
6559
1322
29493
36512
29130
31831
48164
19639
6229
30653
26814
1281
10593
24303
20267
1011
11857
29869
47587
28601
27183
44125
48447
31428
30768
13251
41214
12428
29018
49162
45901
21046
12933
38629
36595
8020
42605
30432
19100
46293
12470
8560
9970
13228
14029
40318
5296
36897
11248
32009
39603
9913
35229
41302
17409
21376
5640
26145
1916
27733
43881
45252
36646
16423
43250
32577
5019
1421
49976
30485
39260
45134
1875
5585
3763
6054
31727
20068
44665
1030
1772
3455
4378
7364
36385
36782
11609
4122
38218
45390
129
23262
6926
46124
30479
11091
1177
47608
10859
13715
6567
38975
37298
16585
42704
28179
31385
38934
42097
47651
26056
10823
20020
33963
14647
9483
20984
22720
43017
41327
38926
10377
47336
32627
19798
24715
30159
4192
26878
38707
28639
6838
10954
28734
2912
73
8297
17332
49478
2275
11386
23023
22221
3602
4000
4480
38290
47359
22267
29211
46083
16783
12858
18515
19794
29207
35408
31295
36906
33379
5184
35010
43108
20643
16077
9240
44368
28092
40601
20897
48121
2720
42727
5608
1583
33426
30098
12216
42642
3443
33190
24427
48652
13886
9965
2380
14373
46038
21011
36618
24418
32885
8114
23485
47341
24714
16667
6244
38443
44155
20381
25752
13048
41501
17670
12291
42966
36591
18383
18248
32916
18447
14203
35230
8391
30564
6641
6450
12758
41417
49144
16552
46934
46452
38449
23206
45433
49346
40456
13407
31602
28817
33606
34431
30000
11268
34842
42266
21116
21471
22467
898
31159
49315
30334
27372
35851
30293
698
20272
5697
22471
35537
38946
26906
37876
1303
44451
35347
15638
42051
4610
6522
16302
45898
35808
13748
45361
4535
12518
47219
29804
18183
35103
46575
17407
23434
27804
19391
41372
7711
18611
460
39633
37009
16877
25997
2863
35636
37352
8270
6634
46904
7438
1985
42332
38691
31379
15258
5977
49733
16073
39617
21616
40846
3901
33246
45200
44503
9322
9643
43227
18878
3738
26408
8113
23244
45852
6793
35911
22109
17931
43909
25518
46623
124
43722
14016
785
41357
12092
39269
48859
29703
46673
38902
35644
35297
40552
14466
38978
24211
43636
40433
44749
37142
31144
32014
10471
3736
31483
45728
28699
27846
27608
31656
47895
38011
35282
49399
7688
45894
47095
34043
17307
29273
24180
11029
39038
21440
882
42501
46532
27573
35255
42019
19993
10770
32650
24006
1559
19755
25525
47881
10122
3504
3074
2730
29062
7995
36746
18859
8764
22475
24688
22748
38395
4739
48530
3422
18308
28096
17190
42066
4337
49405
39143
6970
31272
814
6088
248
41319
48938
20289
44614
18305
25142
26182
1943
7356
28135
6255
25838
14876
31404
12733
35469
19306
3514
27951
49230
16476
5407
23570
17671
3897
12113
49023
32807
1301
46461
44958
16097
17378
25579
36802
6654
44942
43440
21038
6297
23478
42568
850
47464
21924
25458
22912
28763
26290
43475
42198
14262
28100
44754
31344
20904
32715
46460
3182
1634
9223
6753
17148
45626
27530
5607
33129
44415
41388
21560
27464
45714
47751
23501
25757
30615
11581
28613
19442
31482
36766
22237
42625
43840
49461
45868
18883
26838
8678
9839
43092
8994
17612
5901
12606
5686
35827
41614
41637
40176
36546
26346
13590
20782
40763
10651
29854
8410
18800
49726
11535
31525
33546
11762
38879
250
12782
26722
37357
31307
48049
32604
19468
2743
42169
35195
45293
46211
20024
28431
5231
6844
42847
28439
27903
11939
5597
48621
32174
43983
34922
35814
1686
1654
3871
13002
17362
5125
11234
28052
27491
1159
23946
22788
32199
37300
47605
41519
14253
25450
26787
18940
12551
9959
42849
21816
48990
32352
32470
12106
6492
13367
10100
45550
4395
28688
7525
42449
36074
33277
8245
1648
33744
13513
8663
9946
41656
7760
48474
8453
36567
12269
8222
3109
43829
9836
540
20391
34438
16786
12790
35611
26860
1089
32125
21840
41094
9301
46876
16121
5117
34923
9942
21851
6722
36089
22360
38425
1496
21413
23667
2435
31700
11513
2199
46735
1079
16369
9421
30549
10980
35962
9732
40635
27631
46779
29934
4989
42632
18459
6513
29358
27764
13239
37681
17564
30119
24133
45749
30136
44563
45336
28863
26645
47368
22927
27776
6428
20486
49409
34183
829
43201
5174
32708
47115
39205
42818
20370
21921
16955
49508
19480
41168
10814
13097
29901
49814
24593
1464
2986
12070
29149
36975
37103
44034
35964
48698
15488
1461
15704
12533
29181
23717
17543
42317
15894
40782
1102
45138
19026
2491
14185
11237
10474
42064
36732
18700
27388
47102
7729
19454
17205
10618
5949
36794
47902
32286
24655
14651
26598
41171
44124
23037
3209
48965
4354
42077
1626
13929
4239
3485
25510
42774
43307
47802
34524
7788
22570
5926
46560
36748
48129
10241
35283
9809
7682
44666
9682
15452
32683
31694
14433
42379
42428
43331
11636
8611
13184
7914
40243
45461
25517
10605
47618
42493
45707
13344
14824
41400
35158
3470
6810
47816
31833
12412
34303
3834
25737
48917
30741
17344
35750
43188
46396
1054
47867
27726
41870
48811
42558
28632
14958
4432
34015
41822
41750
13217
26888
44131
43381
8503
33682
35239
30261
47165
45568
4937
14619
32261
1383
40419
41856
35323
1910
3843
36288
31412
16448
11312
8925
8738
12480
16797
36589
14328
4748
30719
14934
47112
42408
4778
22857
23250
45451
45331
19142
48582
15598
3927
29695
16972
37346
30474
42313
43906
15548
46166
35405
34949
30239
33820
33096
29696
34880
32126
33329
46171
3569
16716
24896
27830
1112
42235
23143
42352
1707
31621
21039
46073
36293
18945
7516
6230
8200
12836
2979
4620
35341
23378
5843
14379
26325
11873
34122
37563
21562
26274
24739
40659
33469
8933
22669
16704
33163
38801
42244
12694
37263
22841
13177
42263
33876
30774
31519
31667
26871
18211
32870
30282
38363
5214
5162
10329
24587
8774
20333
43222
38782
45712
20516
25426
37320
15198
34223
40290
29574
16234
45120
10017
25696
21971
6402
12167
40329
8709
9591
21734
42808
29631
12874
14435
20409
45373
38455
32491
42633
26251
23993
37753
12448
46052
42372
16677
42296
12829
12644
25784
8525
41594
30828
28909
12827
20081
15591
9646
24898
15219
870
18556
19536
31477
7087
7373
18017
18357
10376
46401
3869
47632
17840
33035
223
10596
25190
10691
23128
35202
33002
49415
13877
205
28164
19390
6706
13104
8691
1737
36448
47252
47742
33187
35076
12458
34140
29951
19522
24
36792
47844
33536
11866
12867
26010
21117
37884
36501
25656
39493
9781
44800
45597
2197
27773
23802
23534
23776
4265
27494
27814
4818
31649
18749
7805
26586
5005
30520
16441
44428
8613
45386
12559
41560
49460
21234
29379
33674
675
40416
26868
37174
10976
9045
32754
15197
34080
42024
4533
34041
15028
48612
13479
37763
34726
6274
16199
40538
44119
21041
27445
12837
23780
38660
3283
10489
44907
41847
35475
22708
23401
709
31851
49856
10686
45470
20787
30283
38829
34756
23207
27002
46248
10492
29178
2922
23094
12337
49436
30923
43242
34654
37692
43773
39136
12481
24833
26798
36770
33747
35339
8700
49596
41478
17364
30593
43943
23585
43197
20636
3781
33313
42007
31793
11414
36313
5840
38944
13056
48552
15242
38951
5576
10369
21979
485
37832
4899
33252
46720
47086
9413
19349
13523
37027
41255
39100
23059
40174
44177
9536
16063
9619
34711
43763
23014
23397
32168
7276
40015
36402
34419
43429
13607
12516
26476
22563
23351
25116
5302
17235
28324
14420
38822
35625
43320
31838
46622
8778
23467
4804
15842
1230
46852
19386
2622
34129
26962
27131
7875
27318
17210
43126
2077
26605
2070
47706
16544
3923
38509
24199
48010
18674
31495
47923
37577
33829
21961
19842
38817
4887
27710
26213
43788
20596
30853
35212
9884
26760
32655
21347
1208
39995
45244
15988
41571
49404
2317
30800
21456
8651
10643
5236
29605
23179
28564
9986
31419
26047
18085
48184
28701
40264
6885
5927
40543
25589
1164
11077
31088
12007
31719
17583
12345
15708
38181
48165
34480
34346
35277
5023
25724
17901
8029
27496
9394
39890
9280
6759
21149
49954
8373
4814
16842
41203
25249
49060
31595
2859
36236
9100
33835
42017
6370
42802
29941
479
6033
21699
34529
10494
41951
23214
49608
33954
39061
29649
37034
47528
28308
31574
44894
13089
38201
2742
45271
14878
35052
34767
29464
39556
10841
25288
20182
35909
30154
8131
22554
15390
28198
42544
4038
8833
85
21993
43813
23637
6143
28578
16125
19694
26881
33358
12352
19024
32077
46139
27598
470
25306
44488
22634
44301
39756
14665
1200
42074
3425
3681
11520
4240
40334
36058
32605
11379
32562
28278
4029
43349
15290
21295
48401
29370
3902
17333
27442
3268
13610
43103
39697
45020
4872
39108
15235
38895
16009
45994
16039
15314
44729
5059
20846
33139
3294
7882
38732
497
26232
13030
6072
18603
1451
24760
4474
6414
38874
28996
46534
49722
25900
18842
29508
15432
14194
23910
8688
46909
928
1037
16550
34439
40585
43413
16047
29319
20750
45405
21198
15631
21537
26982
46212
26270
31478
9514
23719
3192
13262
14818
2999
11070
6109
12731
39091
29844
1150
6480
40581
36991
18823
38190
48263
17458
467
19630
24390
11727
27640
39836
28428
39643
5767
15371
2857
31329
28447
41755
10794
11166
17157
28956
19114
1068
10953
19086
46292
42373
1378
48606
41394
16490
45432
21896
26481
657
38076
3261
30605
4056
44876
4413
27245
43997
45885
43346
48055
14347
5153
27639
546
20385
17752
21940
43962
5606
11688
15977
13187
39135
43455
21302
11623
46546
31388
1024
42475
44110
19568
40683
48756
19199
18193
2089
35818
32591
43834
14425
27392
24912
18666
5709
2292
42033
4061
49223
20993
10240
27798
10285
12452
42832
23354
1109
42902
36481
20356
5203
37109
2321
2079
18790
20501
18453
40356
45055
20937
25139
16338
46655
41093
17505
45286
41642
23056
17600
42525
5290
30792
8903
11600
19438
35960
8017
19336
8123
1343
1182
41049
36847
13895
31028
44015
38298
43430
10301
49288
8380
15951
42630
22633
20958
41658
25781
5894
24415
7620
3984
29698
10223
36823
16958
8683
13699
36278
13705
20871
37954
13664
23416
13583
26342
25285
47480
23269
36696
8936
42788
13016
23203
26825
40760
35004
48432
14911
377
33550
16
24953
2277
7269
5062
4403
38498
7415
3401
20349
19453
8518
48393
27990
25033
3870
32996
44630
28652
3004
33778
43471
49356
13506
19053
3637
17199
22632
45453
37311
39778
23117
9038
21806
46518
33423
28618
14831
34834
21319
13959
35363
25091
10740
15889
49826
5784
20518
3977
47418
9133
40145
28571
15479
176
43396
8067
8561
46946
16184
26062
40191
5994
15596
33911
49117
15633
22206
49980
8942
49512
15134
46699
38346
43860
28127
48700
3415
32831
46091
22341
45294
17166
33722
35741
8179
12572
46395
37921
2270
34202
14684
43244
38532
46085
22300
21926
4252
48882
37891
20112
8042
20202
43739
41907
33059
38815
1305
37178
48931
27417
46254
25470
21746
16520
259
49990
34993
31332
6730
29307
34012
31324
12813
1754
36679
43912
9163
22213
41600
13335
43617
44747
12638
11065
42190
34108
162
4089
48553
31401
18098
17493
12683
26771
32044
5751
48418
19897
25766
26259
35651
14122
41123
20094
44828
9243
25325
11220
21862
10371
20876
11971
21825
39175
41294
21589
6363
27121
47779
8435
7979
43828
21168
21672
29947
32433
43246
13594
39503
29958
28935
28030
26970
41209
4350
5571
5307
21685
6680
15652
13745
25987
25693
17601
46020
16002
15018
45998
35937
7496
32026
12000
21474
12342
31977
44813
136
11450
38131
12463
47127
44449
47778
9367
602
39655
6091
22336
19073
4168
44496
27185
3774
8878
1215
12064
10410
24312
11918
19833
4815
35823
23195
957
17388
9676
19613
6523
41135
49290
49082
49466
10457
27416
38929
965
44910
28748
4052
25328
26295
36223
49588
36213
11925
39824
19743
11058
26600
42688
3751
36592
45710
48465
46765
14533
44943
28622
39483
23855
17036
34746
41773
41891
26587
1882
19441
35059
6833
25494
40037
36956
6975
34745
11776
49118
41037
39761
1086
40422
26963
12169
20160
29287
9804
16233
3508
9667
48443
35412
39234
30411
17394
30697
18575
17440
27406
39688
16531
27213
42648
13553
46244
32281
48614
6574
45035
40526
24112
24554
49276
13398
11964
33585
12626
14336
21048
37632
21551
42755
47761
45754
40733
22442
31313
12046
14884
14713
20970
26233
14653
19562
46042
38590
1544
49387
14128
45770
14879
44468
6799
37987
31197
42505
40063
27480
20602
12341
20401
37940
8984
44697
30153
28485
49920
694
449
43976
39051
40793
17730
39210
15419
44206
6302
13348
20912
24193
15228
42021
34482
27848
3967
49011
33687
21796
11718
5328
34433
45027
27654
49774
43281
4310
35594
25175
44091
28857
7646
28340
23281
17680
4136
21146
21929
26840
4855
24582
2402
265
5388
18514
27366
25759
34065
46593
10645
19703
4232
37635
22067
28510
28691
32721
16890
13687
835
37228
19281
46272
37626
35519
15880
15943
36862
32515
41797
43849
38144
42137
35908
37475
38101
33668
43072
17255
33630
49007
18166
30329
38578
2358
16048
38473
35542
9509
38503
27696
29752
33999
15019
34703
7514
17584
1226
21391
21385
41391
5250
40467
7253
45971
28798
12902
24548
4465
41609
41272
16558
11777
5634
47184
16751
13417
17294
28789
2221
27515
44400
33782
38504
36081
13257
3920
40005
19372
37028
46788
16765
6163
1471
9657
39813
7093
14657
23532
18942
32420
46966
37639
9228
38050
41779
40168
24765
45460
39950
7184
482
12443
30433
35130
32402
14948
35314
15023
29075
16603
4793
21478
43532
6835
26256
13947
12413
14168
15343
43372
5048
15196
47958
37669
21092
3462
39684
21710
41133
21446
10657
28220
25974
35226
4116
27297
43122
30682
20393
7917
37756
3527
35882
2126
27637
28049
21404
37230
14782
13170
14182
3219
36025
32519
13446
18921
3057
26952
46621
9938
8567
14809
27740
5300
29957
7397
46181
4023
22010
1712
13758
26568
31328
17489
990
14259
1771
28567
22707
49880
946
18322
713
8536
12477
35935
37029
36030
40332
36202
17607
28792
15445
12897
14011
21208
34660
44778
35566
33785
5085
11780
35067
22184
44816
15921
5832
19771
23880
754
46615
32891
17895
4412
645
28326
40058
44286
113
8352
19642
19797
31180
24460
36821
11334
9607
18226
29588
17282
31380
5804
25070
22809
25719
17902
17004
25678
21953
39570
29150
39353
3061
8408
104
34082
37460
26197
49257
11178
29180
18290
14594
41059
30429
3323
35316
18952
39389
29679
11816
25260
21835
26799
11729
41742
28004
35091
34824
14495
15104
4853
23989
44781
19207
18041
18709
34825
7025
34510
30724
12887
10059
11684
30428
46374
16952
23299
31292
18668
8080
21243
44935
11517
1046
9870
24868
42705
18202
14896
36986
20077
6628
17682
28844
567
7412
8079
12664
36152
10930
37151
47454
22172
42604
914
47189
1151
35817
25588
15006
1829
274
9717
15366
3176
411
13303
19769
46752
767
21094
33656
6277
30156
37862
17085
24558
36037
3599
20805
30896
39797
41922
18063
17626
22870
34672
29354
30644
45326
27075
15503
16431
4915
2925
20134
23651
26844
49345
4004
40066
21106
5631
24475
2555
38524
41026
1709
39845
48761
20725
7108
17861
18540
40301
43651
3950
15311
27426
32349
25917
12031
46005
33215
38226
46831
7158
36767
30337
47079
43714
19129
28594
40969
10672
27754
11031
43062
17392
11974
26116
26313
13692
5887
11842
12300
7211
17728
41821
37714
10630
37307
33675
21754
40450
2882
17751
4173
7022
11526
27151
43442
25113
17098
39327
28630
39092
46008
19730
19652
5392
49095
28319
10598
6343
40138
25732
17178
11075
22828
31869
2775
44674
48154
33000
21452
12653
29258
20906
19244
11879
6062
25581
4227
24557
35743
5047
1206
40096
16316
26117
14998
48024
43582
20466
45388
49411
34356
44727
24928
31396
4734
21066
7123
45709
5122
40014
38885
21357
8526
12394
37340
43907
15308
7770
25298
46097
20737
36281
2330
13066
31874
22858
5565
27792
23035
38858
19321
47543
49571
605
39147
37312
5660
3598
22026
3550
48221
12375
42869
27396
46976
38763
46813
12043
15234
18045
28426
5627
17523
23305
16895
17234
49280
7701
28941
5067
24604
23275
17114
35727
20891
31682
39258
5792
42664
22762
34405
30621
34101
11748
203
44698
32565
42416
20509
39780
27492
40808
41711
19818
32371
35482
25473
26783
3479
34294
12383
41077
15341
41106
16118
28742
49779
4094
7054
20540
35065
43626
24109
22201
47995
49734
17739
42255
44006
38575
47877
29531
4874
5112
33786
22854
816
31290
17354
17651
17171
14945
26094
35157
4563
34314
31783
11159
41215
37768
27514
33261
27444
24075
34621
41933
17562
37180
14039
25998
27770
9984
6872
38722
17887
34117
42653
22537
49626
39644
30660
30572
42111
21645
21791
37504
20902
17167
21593
45110
11229
41323
41924
27752
38460
8785
23469
7012
42211
42014
5267
35173
37203
48876
47406
29585
8469
25508
30257
2219
33356
5103
38655
40302
2283
760
36482
32659
37540
10318
31033
38084
49703
24790
5825
9281
15883
48227
21512
32840
32694
561
18731
27325
22103
21619
40178
16639
184
25441
39480
43679
14689
35816
31209
288
47169
42005
27352
38092
42636
15169
40621
48179
32397
36169
44643
4210
16985
5245
17006
13210
44068
11377
47615
1508
30322
35792
21813
47874
4367
43351
9592
7024
23317
38692
34347
44586
34165
15161
21887
39158
27477
14942
34554
20189
11142
21807
20726
18026
35463
32036
40132
37493
254
6507
36581
7720
48320
26385
35213
10360
9565
17395
7116
9735
42938
31654
38442
15335
45833
11948
32874
3597
38213
3947
6023
8841
43325
18983
16723
378
30584
9313
45416
4797
12705
22498
13154
15938
46256
39887
31085
15901
41483
11952
32600
30118
28143
38849
14855
34374
9958
15280
18323
39944
45358
10734
12610
39160
32063
23901
23852
2242
44914
5433
23132
6795
38148
39627
25614
38180
13872
16003
44937
46872
27094
20110
34278
12465
35417
37930
32329
33912
44027
2875
12671
47032
8355
29674
19566
25846
25915
33777
24195
1989
7765
6901
44711
26981
35133
2364
2736
4939
3445
9380
37900
33008
17211
25820
14244
21678
13096
6780
18693
23306
14785
11477
26122
35958
37730
43380
43600
48337
2544
15477
47688
42482
15699
49380
23405
16773
26096
19449
6212
8337
18799
5246
39122
17253
24013
41675
27576
5598
12796
33615
26594
27395
27097
21285
4305
15363
22235
5363
22414
26601
41992
6555
1361
28834
34673
36008
26330
37841
15251
15776
23364
8510
33896
38526
42405
11090
48433
40395
17271
45380
14642
1911
27221
44993
46267
35166
7752
26757
25602
7322
34508
3803
12538
872
31239
16689
1083
8860
20335
30288
31060
3879
37206
6866
3797
18534
47551
41374
6499
24305
48836
36341
3592
23110
15484
42978
12237
13526
14232
27620
14822
27627
6657
5430
31309
31171
45722
42762
24635
11878
34166
13731
19205
49337
18096
35579
38577
21886
12102
14017
19384
49906
37656
30866
48044
4700
45206
25360
28924
15655
1529
8458
5331
12505
18999
47323
24857
21569
42979
35053
6752
29711
23580
7140
2954
15897
18262
36615
37105
10719
11265
16160
17225
5410
43479
42922
22014
14275
34138
6289
24552
14412
47823
40687
5690
22804
5755
21268
33941
47301
9010
45702
49102
39874
31206
1351
10779
23538
15124
44315
11961
30027
24065
38795
36800
10503
29725
18095
1302
11138
12010
16893
25507
5193
40067
49175
4946
39996
21855
40592
21259
30831
9452
29425
16780
9718
22872
1681
11249
44846
25999
29571
32933
1636
13896
5438
27534
658
41152
49031
46829
39492
23473
15850
7971
21919
19147
48525
7781
29948
17222
28208
30533
25202
25335
28842
13076
36198
32114
4541
45789
16000
47707
43663
17930
47888
40242
458
23385
9180
23512
19749
40815
34449
21680
18121
10018
41309
39141
43832
38309
15766
33316
10835
21700
23809
24314
49562
12493
49297
19693
35382
37898
44156
22925
38651
7793
10159
38153
6863
35776
43138
32714
24907
17547
39917
16412
49137
41912
9916
44410
46252
24693
15131
19325
3840
41160
25436
31753
48554
24949
30401
11838
41405
14885
28918
41499
45191
16755
34904
8714
30072
43899
43999
36476
2096
42511
8649
43733
32889
44231
34197
20323
39261
15736
6395
30470
14909
17806
46928
30679
34096
14673
28271
16051
9233
22306
32919
3278
45137
3545
880
40296
15580
39478
36080
3606
27269
47542
17381
34450
5637
1901
7313
718
36020
25275
5046
15069
27386
28524
17073
10907
15113
6493
29053
10535
28929
46147
35754
17413
44030
36129
10350
42757
44314
12842
33766
25718
45135
28411
20708
37988
14481
26186
31718
13406
22664
25101
29335
39349
5601
33238
45708
14056
46425
15065
38464
26410
33164
16193
47960
14124
42023
44183
15387
45629
17729
32280
1264
17812
415
6037
14733
31708
18199
12947
35930
10119
8755
1381
8481
48168
19628
16493
37905
21085
13079
19190
10013
33897
24420
43319
26701
27978
18858
4979
31277
47427
32766
24258
26207
16106
4464
46791
41312
10949
7327
45066
40866
43232
10661
21909
9196
5061
13737
29645
30085
1965
18478
1827
44917
24864
37835
47001
9146
18653
25414
30602
8623
24130
15226
12234
1917
39027
46563
37825
9105
5510
32892
35527
16354
5216
18070
4449
42797
28770
39504
8049
14081
36098
35856
5544
12028
27348
33826
16697
42992
34651
3486
31538
37602
22917
31552
36582
35143
15526
19113
6355
34985
2138
22831
32322
49692
2145
14187
29735
7766
14271
13497
44570
11471
29558
48463
2659
44270
3885
14501
22601
34523
29562
3363
40878
20666
34158
47117
36316
44637
39927
21949
16888
9289
22982
12893
13676
20285
20658
19348
42877
215
40744
20651
28463
19314
2867
33173
17928
44114
13858
7109
25401
38339
8810
39132
7105
34581
12202
26443
5636
47317
22565
35205
26972
13023
47654
16850
15617
33372
3478
7705
40463
46207
42165
10872
20721
1729
24167
22886
8164
18734
46545
28318
1382
12026
26159
21333
19713
30079
46157
36001
32506
21284
42935
49835
8446
17443
3657
8521
2484
2868
37089
12642
23522
39039
38324
34681
48233
5075
40567
34085
1367
7072
39514
19487
33170
28814
14702
11256
387
17246
30339
17191
18660
13495
4690
3198
10688
33121
12844
17906
37418
35755
11430
20621
14428
22668
6898
30678
34781
9876
28826
24437
29899
9125
13183
11714
17867
38245
29021
45668
27134
42301
35005
31839
35955
40357
45226
19676
11843
15606
42779
10275
39131
38476
30571
128
25661
15797
41313
36380
24897
38031
13058
477
12444
41331
20688
6112
24510
47571
28822
3394
23845
23282
1748
32380
30501
26438
11167
41404
47582
42440
38516
34105
15757
45984
4720
836
20780
31880
18702
4271
14410
39506
31819
18500
17786
49147
7673
12049
27997
47058
1944
41375
11965
26
13855
24648
48007
35319
30868
49419
27864
29994
26037
42985
6100
45190
13806
2442
6764
47205
40026
2584
44023
34629
17375
10048
37237
2236
12402
27721
31812
11049
45037
29765
44972
38752
35115
49416
22873
4995
34572
41013
25292
38544
30169
39317
32611
21901
47797
17580
40858
33624
35154
14381
964
32783
7446
34969
47833
14954
28001
24836
46772
21495
40133
13061
29151
15978
47355
48128
6931
6327
31260
27333
6338
8983
35126
16764
3595
19553
4990
36204
22622
6933
4886
34511
39895
3155
16729
8889
20262
15922
31425
30885
39391
19167
12979
19483
32143
7849
7828
33591
6081
1274
5577
38973
41060
25274
6741
36162
8628
41857
22935
33620
35396
16408
23224
19990
31353
10769
43292
5786
8325
15816
5706
43409
31200
10447
11963
29834
22733
800
4291
22165
5349
23002
29081
49573
14181
18234
26214
44688
37104
45424
12889
39074
49951
29682
1104
46838
11561
13099
11655
35162
6789
37855
49490
20749
34488
22767
4142
23740
24279
35600
6324
19592
24723
48137
25787
4012
16525
40974
300
2116
8914
12120
8996
27440
32510
1933
15637
26109
12263
37353
32108
19965
19657
34575
22425
38533
47773
35927
30973
15001
29155
40352
34644
11263
19961
49963
35797
5511
8333
4625
25389
27926
12966
32502
44103
2844
43675
47517
34925
32641
10211
34647
48717
13074
37168
45928
38702
48363
588
29993
33787
25865
36257
26823
13724
35437
12903
2936
18568
30399
3141
23476
46612
4375
6140
49321
49997
45155
20098
12764
36962
30631
15101
35069
5622
13024
32
34299
7920
26584
17697
22519
35530
14779
8692
46226
32345
9134
48902
2034
41832
39469
15152
26076
34601
25210
8372
25258
48526
42136
20548
30385
48309
32271
36797
40743
24147
8039
38591
16663
10023
41194
22422
42302
14231
18510
23030
49793
25229
34684
26704
16180
20238
18795
1625
47304
32274
16244
6262
16508
27688
49823
1047
27419
245
18770
9363
31138
46830
22690
27282
8303
33433
2490
18621
40372
19740
40957
19781
9788
22119
44615
42355
27946
2267
36438
44170
15741
46665
39916
23836
48790
22319
4204
38985
11201
33672
8793
4481
2926
28343
41208
32465
49424
10617
10612
32111
44518
3410
14349
42112
38706
26889
21118
21115
30471
13827
21125
43276
39901
20032
13992
27420
5177
33248
15713
19198
12767
4088
15817
26530
12675
39344
27014
36052
48794
9304
41780
41620
29314
36641
20955
5799
46732
33712
36160
11217
47315
5055
610
9346
29906
20779
12254
36879
29001
27801
43074
5295
46362
13900
45766
11013
45377
39129
12040
23721
29656
26417
24393
9236
33462
21059
47476
9869
42596
8928
10709
30737
2924
42123
20727
48797
7037
42756
37196
43942
4057
42115
33602
44005
25111
36785
20940
25097
6420
49736
43628
12900
34676
11131
1676
40421
32669
22751
11005
12822
33298
47876
19112
13605
42004
5664
33021
2927
18981
48784
40315
1247
32950
21779
24194
20994
46965
32560
8944
4104
7392
29504
33023
11733
35781
35330
45631
980
21947
3716
6240
46013
41322
23451
43313
37502
34945
2648
15914
16343
47251
27897
47691
30355
17898
14996
7224
13383
38379
246
23290
38686
22247
42141
19428
700
20102
21109
29793
9500
9921
6825
47091
11172
27784
11640
29907
37075
45197
22860
7068
15877
28945
9573
38912
35343
40775
6093
4972
3280
38898
21251
49192
34215
7548
42354
24403
13086
27146
15504
27351
16486
47281
29288
49299
17551
37687
12339
2127
19887
2881
7230
39286
43267
25267
13867
3234
17438
42639
26626
32930
4670
20006
15318
33907
2534
48951
15747
30058
37001
39805
42514
23374
27747
23664
9427
48694
24965
48077
12244
47522
690
19266
40211
46354
37472
43097
34888
42497
34520
32960
6655
193
22317
7355
48450
4667
41413
46172
37253
18126
19712
23504
20921
49621
5903
41999
25783
23338
9629
26785
7982
2223
3982
41554
37939
25036
25371
24087
6021
25986
48391
2815
22671
45999
29911
16979
10231
28572
10375
43464
39003
21561
32511
21160
22404
22397
46903
590
28889
22093
7899
16963
5060
43686
44370
44262
2363
6996
29187
4115
10775
44283
30113
8316
32425
10276
1153
3274
43186
31835
2624
36656
27229
13412
11199
49184
29222
45815
23270
2929
6122
20394
9778
34877
4131
26521
4704
31742
43354
8340
3134
7023
15177
11344
27112
48271
18566
7156
17595
36458
26241
13379
31001
8965
23603
33848
23466
49529
47377
27599
39474
46998
15815
31101
8212
42346
5716
7734
41664
30328
35098
46658
16863
20376
36460
23468
36314
11371
321
13352
14891
9892
21235
16421
38203
15517
49555
28071
3384
14947
6554
39770
17402
21348
4838
10927
25870
1851
14522
18577
7297
6770
10339
25773
45160
34584
31849
47399
9574
25343
35704
9924
305
12613
14538
37059
9011
12037
7807
23216
49454
4103
28334
41685
24579
3036
44487
21652
48895
34783
16799
22937
26658
44889
34704
14690
10765
8429
3590
32833
29567
30400
688
9436
33203
16647
30190
37799
11241
23862
7883
25939
1564
27800
10101
10632
13415
30331
32445
28446
49026
49937
26288
49757
723
45082
15440
12266
7420
33200
40825
9321
10886
27772
33364
1468
29799
40890
36834
45624
40008
16055
8532
40841
3201
8538
11651
14004
16429
39075
36231
28478
44385
28876
33197
30577
1717
17750
36137
7315
41887
13682
3581
42426
2962
36083
8607
45513
40488
34063
3800
2235
18960
24609
27858
22015
23804
44645
27104
10398
17913
22585
17129
10102
58
29820
13541
8865
39298
32964
48149
1532
5034
47784
38412
15024
11035
18580
8652
15326
21902
9170
12523
16588
36711
5135
30689
13390
41412
17439
29220
9246
35201
10663
40447
28862
32846
26642
48795
9687
46188
19312
42679
16295
3375
30026
13656
25925
34461
31912
2747
31660
10856
24332
34990
32012
27907
8122
8035
45072
29282
33072
7522
4071
47352
42928
28509
11398
31389
22698
13533
27715
49727
46169
28677
24421
12915
26223
20564
27987
8314
41754
3761
33960
12146
15296
6286
12147
29236
48116
38880
39423
23986
25904
12068
2108
20822
46112
12310
35263
49742
30686
20662
44648
8855
12950
24207
27008
1192
30354
14793
8639
38510
43631
14810
19992
13711
10869
38505
42980
19707
47840
28705
40578
22676
20572
9730
23189
17649
6506
21025
47503
19160
42122
28003
29681
30287
9116
18615
17665
21513
44306
16600
16943
4314
48188
41972
17782
5383
6805
34307
34460
20360
23236
6333
27152
37254
3345
14341
48998
40655
30517
18887
19923
10916
39604
34
38014
47453
2265
5329
23273
16828
39651
13389
25182
12775
24064
1330
11415
14058
29864
39368
43179
4005
4513
9378
33752
18911
37882
41710
48091
48925
28401
16058
24274
10599
39016
3873
22181
43818
16761
19443
36950
23276
20496
36789
44002
6470
29789
43036
40703
21151
34579
40273
4613
11011
48721
32164
33695
33335
30336
31230
8806
29510
29167
17834
30878
44485
7265
16498
28129
29243
38223
3078
24435
31140
7827
14511
45296
11599
45243
34462
17283
6547
37647
20041
8943
4561
48671
18848
23551
48223
17851
47728
43653
14887
17948
37705
40092
13126
663
20073
41364
35105
49866
37484
15718
25659
33221
44677
32662
22684
27924
28886
10658
4640
42885
31216
17875
49036
32354
35533
11531
7690
46971
29165
38459
41213
22146
5235
18594
28727
33044
26486
18773
21829
16878
13222
38974
7045
42452
12437
21223
8138
37144
7575
41254
25279
3256
10392
3551
38514
46047
46390
18061
37234
6847
44975
26827
6993
35802
41269
7249
19087
3756
38288
7862
27548
4027
7432
13686
9151
17685
42185
34931
43090
22644
16249
2866
8204
28882
4927
39707
23240
34574
5959
31117
38353
7467
5378
24008
4964
37655
12816
5744
4352
34761
33286
18087
40516
3430
5523
19954
2388
32843
17519
3385
1744
5456
10542
11747
108
21995
17983
32812
47625
42124
49794
12708
39818
34423
30826
5839
5312
29929
11565
23565
12140
44149
29670
8583
28134
11572
14983
47183
31692
34061
6394
45455
28047
30469
8908
35128
2545
6131
3645
11675
34014
2467
35540
5812
24662
23073
6873
21532
27524
34862
13044
28647
37128
14060
26391
38162
45236
30558
12914
33408
39079
21422
44585
2162
11864
11254
2991
35872
16326
39793
7285
22843
10978
16307
13665
35238
37301
11643
35752
18497
12295
1049
4177
41963
33877
48851
43338
20539
8716
43758
21539
39863
48774
48864
34315
27048
37849
19413
48359
41016
9036
22958
13932
46685
26209
46470
22304
15471
48254
40970
14171
45669
19003
27176
40950
38551
35832
28997
12155
23856
13518
4292
21480
49655
32787
12799
17914
32414
45807
260
46414
8459
28947
23969
28904
41881
18957
16836
37394
38293
23814
42047
44130
35310
44847
13188
9283
37545
8988
21359
29279
39123
33735
13327
41854
23822
16223
10785
49334
27219
17708
41225
17792
37048
9080
24656
982
40583
37920
40198
25066
16699
23994
48304
3699
37385
6903
30854
9331
34687
42658
9789
26502
10200
42279
32039
29135
29621
25427
47922
12407
15619
6516
41186
40424
1326
41846
14476
27602
6560
41559
39290
34972
30198
9230
30867
31454
2419
49892
22558
45933
45487
4095
10295
41363
11533
30857
820
34389
3741
38248
21928
31722
17181
48683
35068
42479
16772
18993
41807
32479
29728
43436
8721
30226
34110
39998
34907
34957
48685
49277
48162
40417
1314
30043
15071
10840
30200
12461
15793
15379
6667
29302
5612
28802
28043
42249
26471
9193
33182
1061
18932
2422
46284
26224
31696
27789
48976
23998
9859
45701
32181
7576
23573
15406
30438
26684
3215
24610
10730
17716
21516
3380
48753
19370
25136
35728
29554
8422
30461
24803
13587
30895
19297
3138
28993
21518
25953
26231
43938
23307
24201
2149
17606
14180
43810
49488
10202
33753
5505
14319
40891
14065
23613
34556
27767
20618
21916
8684
31356
13245
46358
8575
5567
18998
5298
35996
32443
47576
41296
39839
47266
34829
37302
12771
10901
48047
1817
17343
10970
29416
6083
30744
10005
36796
38183
39177
16388
46199
7003
37732
2529
33594
18926
13110
41837
32626
6337
45738
39267
3128
34881
46907
18422
27169
23760
45440
6890
48387
44507
8667
43342
26466
31263
39719
19535
15535
47172
22164
29445
29197
32002
25062
504
27381
9978
31911
40437
28460
7551
29575
28755
41167
48627
5186
40647
32623
13834
20715
4611
37471
8442
5743
12885
26708
27024
17900
6550
21238
38995
15045
31651
15476
43248
26345
5507
45786
3203
13078
23681
1786
34265
10166
3052
3014
24434
24025
34144
36801
38130
29128
16373
4660
36017
40631
41875
27975
3086
31064
47409
33812
18655
10545
36853
468
25889
6211
1614
46384
269
8346
21336
23839
13955
20699
36138
44173
10820
31383
45241
21098
44936
47646
33425
24680
34722
47059
47988
45537
22156
28392
32007
38862
24666
29324
25748
16730
33007
5072
43928
13366
31010
7316
27698
17766
29603
46637
32639
11500
6663
27659
2233
20213
32740
11387
14348
26765
40856
41380
16301
12367
44535
24603
3444
252
222
38872
35581
9976
11656
38475
30415
2444
47331
16019
20095
6139
36863
17525
19093
21606
19604
23346
2683
14391
44318
699
45145
20683
43427
36871
14561
769
8021
35480
48796
41626
38107
11082
27557
6836
12039
19399
47230
22266
38088
16522
19208
20506
2531
17453
36392
25100
25115
47191
18982
21654
35244
35798
33515
22719
47217
6966
5652
16379
49770
40830
29159
49995
39609
48272
2676
27181
7934
10897
17722
8787
45799
34540
25213
6231
16327
12099
34232
5619
1312
26014
44741
22449
41221
37864
27966
48781
32392
16453
9382
37993
18123
41177
40715
32918
35785
22043
8209
27592
7630
26910
47658
21830
41040
26538
46027
23298
40304
34534
24129
26510
11259
26477
43012
1097
7143
34550
22325
21129
49038
13082
5668
23923
35621
10746
22452
16838
32649
20002
10217
11048
13866
48668
22939
33669
13884
16080
45859
7282
18707
10606
4595
41065
6905
45438
31113
7510
48695
13136
32293
7418
14411
18811
32785
3632
2603
35335
8857
33209
12451
2480
16052
17069
26714
13052
5557
41113
47777
35288
26250
4219
36485
26383
433
44912
38357
15454
32298
41708
5594
32200
42242
35178
9418
42339
2727
33783
19972
3483
13200
41384
20998
7644
24988
35992
5457
27161
31775
29352
48780
2067
23248
38258
32758
42304
31943
37209
12081
18301
27233
16789
14566
49653
28289
5138
35722
1734
32229
1760
19632
15835
36424
7527
17494
27681
34692
7607
25367
39602
20512
4920
33436
19623
41518
37859
32449
7357
49364
25205
35063
33608
49410
20414
6950
34494
39900
20163
34025
48345
17675
920
40707
10807
8019
47432
33317
48479
25976
10621
15625
20720
42600
1183
15297
48510
43053
49452
40788
46349
27141
39591
48699
36371
17508
23793
12170
8662
12035
11325
45050
44340
28270
10838
23455
27959
40726
30206
45153
19624
27163
5152
23050
802
15678
37966
42581
36547
14300
3237
4948
36932
9400
20066
45615
23390
30588
28923
21552
17039
44040
32879
42765
27759
33438
49384
14256
48074
12279
12240
10367
19866
45752
8011
388
16587
19605
40617
8595
39041
45167
19165
10008
13486
45561
15515
1949
29582
36397
41673
1961
9954
40182
13220
16582
5580
19936
42116
39964
26646
17575
20659
20946
14398
12003
45246
968
37487
39393
43666
43957
44079
16813
30403
1852
7746
46019
6915
169
11832
23152
10771
17683
21735
33123
18785
39740
5169
49027
28126
47747
35896
48815
36529
37531
12732
21324
48678
43538
32983
26812
28355
14704
4389
22744
7477
22896
22753
28793
39026
14699
49028
4958
9252
40714
29604
12552
34901
32091
27209
28165
27437
48094
46488
39660
46568
10637
47410
33582
6640
7616
34738
25805
43643
23635
37411
10353
9024
6377
1592
1124
42524
29136
1695
33487
43405
42842
11509
49086
24838
37417
20609
12271
17793
4415
42118
14150
35192
4254
45463
38554
49042
34838
38179
39613
49561
1848
30706
29407
38542
31561
41885
24497
25840
34812
25442
33479
47863
5757
46046
5602
11663
48759
28651
31342
48639
45333
9157
20529
36197
39351
28204
21703
26929
21923
29927
38070
38574
16049
1141
106
15640
6989
39328
34902
18631
33932
43757
3715
36880
22194
43954
38388
15550
42061
23166
689
20457
28023
5443
32786
21558
25794
1253
24358
24493
8295
21818
1823
35829
30229
20382
851
3535
46240
8189
15038
13774
23737
18160
20942
17985
6731
35452
29973
20416
47130
13666
34571
11983
33276
2129
14843
18167
26997
47687
13305
48801
17304
20731
23057
4201
41282
35915
16766
36225
34142
47152
23452
41605
42809
34560
25144
31069
18396
23382
4380
9326
27999
38783
17155
39392
4961
1055
22131
10484
604
41592
25398
18438
33052
16085
14247
21301
21674
29046
41055
44874
5371
5651
23811
7193
23391
33024
9102
44351
20792
1275
47328
49497
40752
2210
27617
7088
30075
49843
40926
37152
6512
19517
42363
38097
22313
23137
39373
7165
31441
43608
49613
33981
48858
15074
2434
19407
8181
6341
7946
8047
44964
242
27207
46626
48641
44941
48752
34884
27868
42942
5592
1454
46920
42356
24999
34731
22462
45505
24908
39640
21380
48585
44693
4112
2293
48713
29126
11627
47103
46836
10646
13593
37058
44115
19841
18414
42215
18847
46843
15648
48146
25238
42318
23524
10935
30030
1804
41470
2851
15179
19509
46493
7233
28442
16673
26070
23628
7244
17710
38489
48259
22114
48388
28985
47759
30707
5500
32835
36012
33854
4066
25797
31436
7329
32780
42686
26023
13259
10053
44215
28269
43047
39073
1533
33136
39904
32189
14882
34192
48006
1135
34537
48429
42477
20343
27225
32296
23684
22447
13378
16436
45360
28081
38955
24859
47972
38558
8028
19132
42748
757
569
14479
40453
14965
10396
36625
13384
21140
31265
19502
7728
26630
4156
10226
3126
47109
19645
45596
43297
3412
44489
35342
26077
3654
28580
39631
29525
18379
38689
44146
13565
797
7976
6214
4129
41941
17117
28138
27793
48324
9554
21602
29818
19641
1542
28315
8102
39744
16450
29099
7225
4248
24894
6971
24694
5183
19685
19185
33070
3133
20026
34715
40697
20717
46347
11006
42933
46607
12615
28579
15459
31655
35019
29569
2734
25245
6022
15942
27822
48727
130
7628
32041
18060
19220
16359
48482
38448
6549
1694
49591
15244
16172
3563
7469
20582
47037
36047
10151
33719
25211
1638
20459
9793
23498
19739
36250
37569
29622
17042
13946
528
26879
8377
31137
48028
23446
9677
42099
25542
6588
3273
41765
19976
7160
37251
22361
25730
40505
21330
24255
20473
19590
43978
3786
13688
46519
9864
48266
40837
17342
21104
38469
31768
3507
10134
5283
3114
39925
17568
28409
48454
25179
44709
38225
22258
19829
3427
40286
654
42739
24578
30463
14478
13461
13996
39064
12687
11901
45977
13493
26409
9395
41433
45908
48723
39552
33459
44785
49955
2385
32297
47176
26203
9618
14941
23411
24549
13618
16609
31599
12648
17797
33478
48835
14583
14167
27391
21266
18321
10465
4717
3270
47221
23459
47110
49211
30
36406
42140
5611
23841
20028
42526
42890
34595
26921
30626
39991
45897
9850
35117
24142
35609
33506
48704
2583
1665
46007
21858
20455
15092
14120
14835
31844
22851
45356
16190
3047
41997
11435
29938
210
27967
5836
4062
17197
15151
13040
15410
19809
37813
29502
22183
16152
40126
38604
2051
21350
49370
10649
1257
6758
23409
19996
33852
7955
5814
32788
25219
33559
11906
2451
16827
20208
539
39085
33870
49283
23958
27872
40384
24417
48289
24494
7816
49394
35197
4870
42995
48625
29922
12510
6623
16367
31759
42897
34121
6740
32034
29256
43671
40044
27901
32318
24239
4692
40840
38865
35965
42289
12449
39033
27912
3490
8227
29063
40445
4215
13282
5641
9091
17467
22984
29742
10733
18516
20753
10825
30716
33690
32016
17910
13440
21912
22076
5114
15055
36009
24020
43087
28279
18242
17829
41784
43973
25778
3577
20330
24143
4632
43136
4740
7520
48697
18332
3454
19507
39568
49514
38385
15659
34772
5731
31296
18729
43660
12522
48180
21659
41604
7262
28065
29665
38725
17805
31780
47361
26371
48572
22461
35094
19215
22683
2130
43385
24627
19523
6254
18097
26946
31524
16805
825
42139
18618
34287
48265
11427
25002
36431
2414
24783
7064
24710
6184
22798
10212
41606
31755
27001
26948
9597
30316
17903
15181
25365
21362
15249
9048
38393
14073
16965
25478
41201
19951
7780
2471
4286
18392
19422
43421
39550
24117
16101
35353
4361
4076
