8201
16638
14911
14055
5192
2364
5858
19697
13
19221
17277
2479
2780
14391
14847
8959
15974
15418
1436
16678
16593
13894
10397
5411
589
14144
12324
11859
16430
10993
19223
11118
17392
8684
3158
7105
13366
15573
8886
14350
16299
11866
8026
12178
11288
19321
15722
10672
18234
13047
280
2417
14499
17591
6637
15020
10014
7708
11366
1646
8277
15781
13501
16126
5935
2994
17633
8299
19527
7395
1409
16989
839
11515
15236
1795
19574
17929
12063
3646
14054
4042
10431
10893
12786
15460
17170
10085
7978
4831
3644
19135
1207
5812
8746
17539
378
12896
3392
14863
19437
12129
16965
2812
18290
10344
17401
7553
18906
15493
14950
10918
10567
19790
5467
5321
10166
9213
9934
1645
14427
16932
10809
14042
11407
15112
16890
15531
6041
12773
4052
234
2125
7191
19626
18609
14856
7932
8300
2198
16500
14306
5495
2077
19248
10097
7766
9248
17256
16250
13434
15850
15971
18566
15008
19787
5164
6610
15299
16508
6692
3876
6946
15880
17881
9813
19243
19151
14686
15620
15237
12148
12602
2311
8554
14469
10462
1561
10904
6845
9161
16924
6680
5567
15165
6141
1858
14569
16577
1516
13190
7296
19279
15738
335
4365
3179
17641
13322
19522
1682
8815
6413
6553
6190
7745
2102
10212
6470
14993
19498
7672
15801
12012
14428
12341
2639
14843
8099
1447
1480
17052
11262
12238
106
7502
13626
15473
14102
4749
9876
6479
19887
7690
15812
18374
5850
9326
10296
14181
3909
1071
5476
4518
13233
4510
16671
5640
14417
4047
11270
3050
13019
12793
8989
17618
13176
8378
748
10206
5729
15238
18592
4418
12093
5176
511
6477
16194
5782
14668
8617
11341
2962
7090
19260
6111
1382
9265
8307
16743
258
1361
3245
13343
13942
12863
12675
14720
4705
12890
2843
14365
12825
7496
11905
882
19567
16777
16082
19804
9794
18490
5847
12972
12273
5591
148
19663
18603
17071
11679
3965
14165
11774
18180
2835
16411
12120
1219
4039
3843
18920
12035
5741
12619
19922
2482
4997
14155
19235
16769
5219
16127
15881
1953
17940
5439
16054
17116
1115
6827
10797
8057
15118
1137
2469
5825
7951
9174
4894
8076
17957
18894
9246
9274
671
19044
11312
2547
9256
5869
13689
11493
7556
9886
15126
15452
8592
10885
4881
12873
3111
9071
9383
6321
14179
6978
11175
16295
10173
8993
17050
12819
6252
15497
1344
13503
10272
7246
9215
2791
11593
12209
10098
18641
3187
2796
6142
11594
8893
6785
7650
2400
10590
1260
7009
1987
2943
19045
12628
394
15903
4979
7463
5613
3068
13438
15478
19063
12281
8268
10887
19925
15834
8585
4059
9258
6814
4433
3
12116
11421
18935
7305
9042
18135
3496
12952
12309
10641
17227
9110
2083
14372
17322
139
7233
2302
2167
18269
12362
6370
708
11215
16830
15557
9565
4437
11076
7083
7318
12271
5430
18064
5354
3153
8971
6716
17156
1687
948
1496
17349
19116
7817
13497
8931
18299
17396
9519
15204
16592
1900
11902
16768
567
1328
5473
12662
11048
17574
11043
1379
9196
6305
11199
10328
17467
3014
2888
5093
15839
6828
4662
13586
15182
1009
7262
17299
10191
8030
946
18090
350
16971
15606
3614
8411
10049
6062
18899
14246
16987
15101
7914
7336
14005
18029
7308
18686
9828
10662
18849
13417
5373
5780
15882
12207
17112
1290
19564
8599
5058
12478
11474
4329
4262
13732
11062
3491
4084
13166
14618
3474
7513
4590
15213
6976
8328
14940
6029
17894
5936
7870
5916
6909
13487
8025
16582
8394
10400
2509
17056
1012
12398
16696
14997
12437
10774
4377
6390
14717
16731
18573
311
11016
13070
12138
19295
19860
17904
2099
18001
5404
9465
6268
7325
12134
18129
465
17409
16877
16766
13583
5740
12870
16828
7121
5890
10251
6
15994
8949
14958
17910
2978
14088
16667
9009
19163
4456
2089
16456
2266
645
18017
2772
3246
14674
7850
9138
277
10652
11610
7165
9970
10731
2351
9910
4796
10271
10965
19983
17464
9147
16810
18426
18101
17657
18824
16603
10359
9308
9114
12502
4866
8627
11514
9585
6772
16756
5554
8419
15109
2997
19516
3203
14561
15853
18474
6962
18795
2923
14687
5491
1581
12082
11958
16594
3358
8851
623
11649
3794
4925
5135
18334
5516
7845
2578
4937
11103
6401
5763
8779
2481
7378
274
9638
12432
6726
10939
13857
14845
10174
109
932
8823
10091
13816
2320
1020
6046
10994
7825
6024
16365
6441
4660
16384
286
17605
2676
3144
9581
18588
16143
17805
19251
2316
4110
5537
18974
8785
17092
1618
5436
1865
1442
12185
830
16220
11586
8981
3389
17537
1864
2489
18154
1297
7188
19420
16933
1347
14951
18649
6836
2122
7250
16953
15496
15514
14992
15108
19909
11133
18084
9384
6796
10480
16455
7534
7088
14994
14130
4975
10209
8089
8977
2672
8165
17068
16093
14139
5400
7596
12959
18873
2246
12481
903
5466
17673
7800
17543
4917
2161
913
6982
5698
19966
11213
10176
11271
7728
15116
16887
15387
3833
17609
8167
16013
5052
19827
4551
8130
10407
18148
14817
1049
4124
874
7689
7299
19833
4432
14119
13682
19926
3027
564
11807
18245
17748
1958
9676
4943
11525
7931
5055
3097
17211
126
10815
19266
18704
19644
16180
16640
18449
16166
973
1975
2561
1435
8460
13399
5041
8820
3200
13665
7797
5624
17186
9328
4944
13374
8200
6595
4835
7537
14784
11892
18798
15411
1416
8870
11300
5958
17774
14425
7618
14081
15122
17969
4702
8597
10761
5444
15431
18834
9350
13133
19258
7416
3796
10135
15128
12492
13108
6929
10925
19250
10298
2217
6725
11144
17606
19269
512
562
4945
18416
13378
3553
6645
5660
7594
5606
15225
18289
6941
8545
19247
16496
4376
18614
19846
18725
17108
9720
2114
9309
18069
14484
10692
3635
3562
13588
16370
8320
9021
3667
10341
10326
3309
17915
2721
16415
14771
17244
3237
2101
13239
6482
15093
9681
15605
16546
1478
12359
13911
5914
7143
16816
4483
19919
2856
9831
11830
14107
8532
15466
1348
10650
5718
12624
1451
3421
19241
2409
3868
7700
18352
11018
12330
13425
16734
11478
15029
17528
7715
31
14983
13496
569
5542
2775
10426
993
8375
805
754
14352
4876
16451
4574
11388
13979
14832
16895
16338
18338
5938
1767
10702
13743
17484
8862
14360
3280
8712
18411
12829
17049
17813
17506
17269
4421
13450
8979
2532
16349
7670
1500
1850
9652
3497
15870
3333
12596
17456
18321
14548
1818
4122
16358
16155
8980
17099
5823
5771
14786
10330
1385
18846
4903
16425
15652
8520
16606
17219
2463
8017
19422
3162
7281
2677
1868
15871
13552
19287
12547
12767
14193
3113
4953
9671
12442
5270
15095
970
9947
13197
8881
4707
5961
8212
10996
16632
13792
15752
19627
1080
5423
14612
14808
16910
17975
16002
5543
4542
14431
8593
7337
11014
18755
7920
18663
15948
18636
5555
15699
6570
19826
3454
15836
14205
16042
8134
15138
19806
17614
3947
19105
496
711
1096
7152
5726
11072
5608
8152
15883
10324
2544
11120
341
19533
3370
17462
18710
3007
11716
10429
2996
12476
5183
15074
12190
13655
14761
2276
4224
4602
9797
1082
19372
14149
12550
18958
16578
7680
14914
587
6440
15607
15097
1817
778
18282
3423
19337
5420
9693
10199
6975
942
17040
358
1408
6842
3764
9928
11246
11701
14887
1613
9615
7399
8816
1068
16369
6362
17158
15464
14235
4606
12044
9844
16729
14322
6112
17839
9757
8095
9430
5305
3017
915
14411
3118
16538
4103
2112
2448
1932
8762
816
11793
13885
16330
5960
7317
35
1756
19859
19995
16265
1158
6557
12311
13362
12101
3658
6428
18042
12072
6674
16573
3856
11888
19770
17852
12616
8525
5568
17372
11689
19433
14493
12534
8571
14031
11625
5826
10184
18421
14160
7333
19091
9059
10234
15816
18820
19144
9077
1305
12770
2466
1377
9454
5534
10246
4782
4095
8586
10851
11370
2688
11764
17359
19486
13436
11868
5098
18115
11357
9281
18383
7976
3718
8711
14301
12956
5078
13490
6316
17599
17965
10613
5107
42
4113
7460
16529
13887
13967
17248
17046
2444
13299
2117
8006
2662
15185
19212
7387
14280
16020
6846
1058
4237
3390
10380
10449
18048
2123
16303
17220
18200
12690
5140
12503
16707
6558
15220
10257
19354
19959
19154
19057
10900
16470
12055
12520
3406
17697
19456
14747
17913
1846
13653
8474
16350
15886
1519
11504
9247
679
9785
719
10146
8253
7899
5827
9628
13891
19023
18072
19322
8107
16033
15688
10816
8578
12879
9494
9379
18631
5841
20
8462
11666
4654
12067
6199
10628
2212
18999
16313
11794
3176
12346
11608
12905
12051
2490
19074
16712
14287
13493
11197
6415
9452
11252
18583
12352
12246
8175
11440
4492
17864
478
12848
12210
11167
13465
15313
7674
2171
14408
17058
18183
16317
5048
2379
3238
82
1839
18151
18855
10625
2628
15768
18424
18558
5789
10564
13279
12205
4484
8833
13778
18112
11835
1821
616
13095
4995
18186
9130
1313
18486
14113
7733
14410
14098
7725
15383
8220
16414
8135
2037
15517
714
8983
10718
14255
10836
15739
5879
8417
3156
268
13509
847
10563
12920
11755
9605
17901
19763
12799
2778
393
14342
8917
2595
16993
12506
11668
1967
15648
9381
16099
4281
18548
7659
18523
5980
19737
3546
3177
19274
1912
12997
18265
10792
17445
4550
15890
19822
1194
18953
4225
2887
6894
2707
4412
14212
12099
17825
18674
11609
8219
7709
1032
7488
3440
8420
11524
4066
4675
12535
11587
6424
9085
15549
11383
13981
3291
13144
17051
14959
7118
13546
11201
9756
13475
1501
7385
15783
15437
13517
4332
263
13886
4896
1990
12577
5774
3427
18089
3547
14514
845
1711
4638
17426
2733
5920
13426
1571
2905
6980
9599
17374
4723
5797
5815
16782
14449
3525
7739
18877
5599
17280
10834
18845
15372
17260
16046
9958
13994
11719
5642
1943
761
7925
5638
16790
9153
9566
10230
16377
14818
6179
8282
5952
15716
14481
10568
4962
3610
8041
6066
15690
707
14539
14632
12960
5345
7972
7837
10243
17705
3571
11591
3341
2310
11209
11002
14404
1894
19600
14945
18306
815
3618
8008
19351
17683
15767
6723
15062
10577
9783
3100
8187
9066
16891
18167
7469
11792
11208
13187
11084
16715
6660
14605
7388
8725
7612
1950
17831
7072
19345
16480
9769
3766
14535
2103
7906
2520
19891
19883
9804
901
12661
15089
1703
4038
15524
18506
2067
1840
16984
19593
7213
404
19736
17009
753
4830
2690
9636
18822
19222
19645
10920
2857
12145
19040
7126
9561
8745
7561
15375
11219
13600
2281
8243
10369
13097
18707
15068
9156
5037
9490
7990
2816
5765
5313
16373
7678
6499
17380
5452
17540
2663
2738
12400
2058
8386
2029
18483
5963
13505
7154
9810
14485
15793
15011
8423
5745
14628
15906
17571
5061
19809
9520
10236
4867
48
2596
8843
5837
18188
19383
4293
188
7993
18679
15177
16408
9340
7564
5163
1166
9761
10406
15242
4578
11289
11033
3258
12019
8185
17949
14475
18702
8793
19127
6548
5962
10531
4839
13553
7593
6089
4099
7436
3971
2793
2597
7230
13687
450
15443
14582
15400
12874
4969
13093
11308
16530
2583
15724
12934
2392
15441
14952
7893
12674
3167
8366
3799
4791
17521
5911
10117
11931
8242
2752
8037
7790
11205
19839
10486
14523
408
19668
7369
19416
17632
3916
19219
8500
15635
17649
5159
835
13482
18697
1109
14093
8387
4151
6853
13384
9660
8691
10693
19864
6492
7418
11098
12866
6751
168
760
11534
13827
18918
18488
13566
7122
12804
13803
8195
13339
1234
5105
6825
4900
19141
4496
17677
111
12908
2832
6014
8753
11605
11186
1867
4205
17589
2694
11290
8350
2347
10253
5902
5768
2886
10643
17855
288
5930
19931
7792
15875
2168
18210
6414
15712
13404
17085
4577
3322
8625
15726
639
19642
15908
2958
2627
13431
15598
546
13077
2456
4177
18007
17021
19583
4774
6614
19947
19751
15447
5524
13657
8755
909
12963
11787
16344
16051
8614
11551
4536
7125
6885
6280
12889
10573
13056
3756
13939
1052
5304
15946
19003
2018
924
12640
11154
10385
6771
7763
10073
3145
13560
10607
18171
9729
14407
3993
4709
8776
6775
7457
3098
2560
6683
9987
273
6340
16750
5896
10383
18562
6279
1490
17636
3527
14542
1295
14221
18730
14907
9422
3273
11562
17884
17945
15043
17173
3817
6435
6715
11412
12594
12964
18493
15627
8224
12471
6534
12519
3205
1670
3384
13306
11803
18410
13494
9747
6687
7110
2773
2459
3359
10580
2603
15413
19705
15891
11884
5675
14861
14881
15644
10188
6625
4664
11747
13675
10922
2847
18699
18664
16544
5661
17598
11452
13064
6432
11422
4191
17972
11467
4621
15931
17679
5428
9184
4730
17035
19941
15745
19335
7443
1187
12298
7664
5090
3281
19472
4202
10758
13480
617
6300
6611
5042
11739
3067
3500
3288
17421
4931
9868
13073
12485
18309
14333
18043
6491
11126
14230
16723
6336
5070
10927
19340
3518
9719
17862
17469
354
5798
3501
13414
6075
14834
19776
1282
5434
19005
4419
10829
17217
12448
6813
9410
3751
17209
16501
19385
12430
6356
768
5632
11867
10196
13680
5486
16741
529
10075
16068
6677
16889
12518
5806
15553
9365
12218
477
11752
556
4150
6891
8368
12124
6733
1889
1253
1936
10488
19367
14046
4758
17654
15844
13991
13231
14972
10722
4178
5969
11744
3566
8728
16329
18052
19365
16832
12469
500
2397
2869
12202
15869
2510
19007
16996
9531
8626
8687
9176
13996
12697
1731
4752
9230
18751
11838
14580
15785
18861
19049
12987
4209
7032
6776
2872
11281
10
5925
10785
7606
16840
2743
1874
11705
10447
17386
13908
19924
13697
17939
14732
18848
16009
5271
12313
18911
19502
19138
17053
10798
10121
6009
10812
6451
10046
7848
17966
6543
19702
6642
2521
541
13724
3834
663
16839
656
7177
18237
18015
7759
8014
16586
13350
13274
16475
16780
2861
3301
865
11149
8470
2360
14312
9435
2727
17715
12265
8978
10071
8635
9680
10674
14593
15475
1647
3872
14730
19625
19783
5120
19435
5609
5365
5868
6984
1244
2593
17126
19851
1719
13203
3059
19381
9402
3484
7638
18082
6844
4920
10000
5450
8808
12719
17680
13165
15479
12994
18357
13069
1131
873
1635
1203
15015
17261
18630
3881
3696
553
19812
16320
1590
7014
17739
2255
14017
7096
13868
8685
15760
5517
9976
7320
8349
4187
5838
14199
12571
18521
12795
18152
5834
12943
713
18515
7231
9072
1019
19162
7730
16083
10995
452
10131
9415
9855
18797
9269
5492
8871
19775
14406
9278
10578
5577
4049
4244
18780
8828
16301
1125
487
16714
15633
7681
10582
18412
6525
12216
2187
3171
13872
14095
8262
11131
11535
3677
17347
2503
11248
4130
6991
9159
11100
5861
3810
1993
10906
7900
13575
3688
11886
11779
19988
3884
5263
18329
1245
19682
19500
5006
14211
4862
15455
3926
7711
11572
13091
4217
18709
2069
9489
9160
12182
11804
4428
11589
5507
5983
11105
2403
15160
4358
11978
7926
3581
19868
1522
12826
5095
13722
9572
12237
6920
3089
3633
2636
11741
1971
10295
14198
5291
5558
7041
14001
12961
19843
4527
17535
13757
203
5388
10306
18296
19391
12161
13627
10787
3036
1793
5469
8891
16488
14124
18328
14169
2477
846
11447
4427
8209
4153
8475
13985
10288
13416
2781
4843
1114
2486
8541
14430
6542
17736
10971
18191
16856
5705
18023
7966
755
10340
9074
19278
4107
19927
16438
5054
15887
10338
19553
1853
2954
7095
12336
4157
6819
17210
3117
19344
16420
9746
9510
15986
11315
19364
18714
14036
11665
13204
215
19359
18216
16518
5152
3669
15104
9231
14705
10768
17101
18157
2474
16380
7375
3470
6848
6670
18711
3136
18223
15286
8570
12008
2445
10339
5145
9683
7155
18904
4035
6293
17754
13534
937
5912
2031
9745
6204
11178
10552
19089
15823
8601
19451
4344
4766
8164
13596
9394
3719
13999
18103
12979
8866
9202
16158
3950
19473
10388
5634
19412
4653
2494
14263
2055
19167
7785
33
15196
17152
3073
15809
18455
13507
19793
14622
18532
6761
9181
8289
15334
9765
17656
5279
15803
17688
16036
19489
3711
11680
6950
10059
19182
17188
1751
1535
9305
4959
7688
14608
10043
5165
2146
600
9791
11976
10765
12735
8681
11925
9346
6763
5954
8700
10202
10806
18569
1092
2480
11402
8612
16226
6529
1063
9777
17300
506
738
6074
682
240
18443
7846
375
11443
12496
4415
8694
7958
16251
13126
5284
2026
7890
3201
18470
3143
3409
15149
17696
19019
12095
1355
10452
161
3028
10029
10192
4726
13608
16305
7913
8478
18546
4722
158
15602
8736
2665
7340
9536
6176
8228
6789
2970
11761
2452
8031
5689
15603
11036
7086
19184
9253
1321
19757
6296
18109
19324
8701
6792
14040
4523
9197
18735
7581
16064
12002
18126
10714
15930
297
1567
2633
13402
6205
10522
1517
3937
10682
12253
14402
1242
16753
2384
16318
10290
9988
17276
10287
7120
10817
16975
2646
10659
4841
5510
519
2478
12638
7760
585
16309
6382
13005
3725
2953
12635
3499
6320
15761
16793
2423
18487
2326
1628
19361
12684
3752
17615
10233
17664
14750
443
18681
17408
12555
2546
1552
19633
13791
12159
3632
5923
10957
17000
9249
4520
8331
12458
11240
8600
3015
14337
9668
14383
15710
8967
8946
2819
3099
14133
5297
12653
16137
17201
543
6916
7021
9727
16159
2702
13866
10822
10343
8400
16088
18524
19634
15442
117
1603
10749
3460
18497
16896
10442
1151
11850
6945
136
1866
13842
17307
5367
5846
8442
10821
5292
14643
13797
4582
14330
15200
10367
11063
4635
16519
19797
17304
8151
604
11923
19565
11865
13357
18225
18807
1022
10997
13179
1899
9354
6573
12358
10025
12357
19121
6634
371
7560
17928
8142
8666
4204
1783
4603
14570
3082
12199
19136
17948
4713
6594
11091
1343
5553
14219
3026
10299
6328
7316
17760
3426
746
10784
19010
14491
279
13472
6375
627
17334
16569
8615
19129
11056
6086
11590
13242
1359
4091
4027
6631
17120
5144
11891
5787
7675
984
18731
9869
19973
4820
4241
17579
11404
7334
7256
191
17223
18661
2661
15660
9525
18185
15072
17757
2956
2837
213
5010
814
15892
6386
7930
10855
16505
17185
1431
11188
1527
14740
10089
2169
19268
15221
1778
12942
2078
11013
8284
13214
2932
12924
11428
15403
10439
8508
11700
16848
19820
8252
15353
4417
10376
17659
10525
1190
17566
11206
17997
6822
19436
4517
5204
15463
2945
14276
17698
18445
12949
18240
7169
11753
9369
10506
1053
10270
8714
14519
6339
7343
19446
15786
14034
7628
6498
16132
16949
15154
16122
19570
7847
14779
1513
18957
16716
7601
13489
7284
9662
19176
10526
17642
9678
2673
13962
13755
1384
19526
4005
18825
17812
13227
5946
13137
3676
5069
15227
19823
10919
3963
6145
2181
17293
9851
13663
2183
73
11128
11570
1668
16273
15487
8773
735
3479
3159
16663
4772
16973
6117
6302
12403
4266
17955
12015
8003
19753
535
18975
1887
13804
11615
15502
15130
3340
18173
2211
211
6282
6695
7010
9640
1824
17284
14506
17321
15619
3031
2306
7178
5191
824
14948
4341
14137
15477
410
2208
16043
6590
17179
9144
4276
12292
17690
9865
3325
2441
1075
10428
19598
17876
12396
12419
18778
6888
9546
15285
4734
5114
9011
16911
18817
3319
6552
11257
16776
16207
16230
14762
2728
9880
2491
11952
2325
19177
17582
12197
12783
9959
14596
4304
7595
9420
10160
10156
10461
2526
5679
16061
3199
14956
18930
1820
13198
162
15506
8875
12530
4665
6777
19821
2349
11612
19701
18593
4777
15346
1503
14722
14647
9370
13726
11901
18390
4875
9047
1018
9397
10647
13983
19676
4908
437
15933
16389
13933
10366
3263
14272
685
16025
2435
5927
4295
3761
3865
12710
4335
9641
4605
205
8433
3735
16553
19309
1337
14327
15261
2575
19612
19140
3955
13302
13000
11634
3808
12948
18140
4173
5593
16802
1465
7030
4498
16673
5264
11773
9931
19520
17927
8128
12886
4307
10837
5079
1399
15923
6577
13898
2947
7180
5260
1062
655
15144
4158
2222
13976
5075
12645
17835
15646
19445
16860
13793
5237
9669
13400
5523
2415
6672
17366
6969
2512
5346
14679
17669
6429
12646
6253
10690
7190
1963
14913
4620
7887
5288
10154
8623
15695
11360
6952
14579
16694
15533
12636
1206
12014
17202
5464
802
16526
5154
7717
9385
4313
9361
9322
2762
5407
10242
12579
8629
16473
19681
17008
12681
3046
2082
14649
6734
7673
1982
4601
9884
15810
17005
14392
9526
267
4670
17858
3602
9190
15997
16997
9677
5393
881
2555
3361
6107
9695
15858
2588
5809
3346
19643
1452
17066
243
12823
8498
4120
18387
15419
13260
4176
4021
15384
4628
1499
5461
8214
11677
10599
3663
19067
15382
19128
19994
12938
13644
6841
9288
14020
10948
1999
11964
3149
15932
17388
1202
9627
12326
17425
14100
16343
11087
13641
12999
10708
1059
19496
453
856
6947
357
16963
342
10773
22
11947
9219
14610
8602
8502
9817
6469
3570
15588
14161
16044
6765
1147
5096
13896
13167
12288
17935
19009
3574
15746
7701
5017
13672
18364
18356
18322
15560
16001
14409
5627
8153
3175
19724
5091
5477
726
17857
1406
12621
17243
7710
11943
2234
4394
16
9024
3784
14313
9651
2808
1758
1322
7671
4585
18802
19650
17783
5053
6326
7028
15336
19842
5571
7651
18829
6735
12623
13622
1515
15787
414
10499
17104
11780
17747
9509
10929
8705
1156
2880
16966
5959
19878
5883
5704
11588
19986
7901
10548
10916
12453
8273
8141
17684
8613
9404
19070
19148
4327
9618
9972
3540
18204
13096
7085
19580
6977
14164
4203
11280
14213
12151
12612
14319
5802
2202
4692
11765
6487
16690
4445
13220
5915
108
16182
19602
16664
12597
11102
10543
2683
12515
15206
17472
7811
10691
1952
3414
11974
12733
15036
8156
1221
16225
8587
18553
7024
12170
18599
5397
1844
18925
5246
4961
13445
17878
10040
7111
11005
4082
10076
13953
9251
17920
3650
6446
14924
8261
8792
7831
18229
3352
5862
11988
1779
8080
13544
15577
13310
16352
9475
19132
9824
4652
8106
18142
6267
5064
8487
14546
1333
12180
14381
7547
7383
4215
5981
5348
10024
19562
7736
10179
549
8661
1903
19036
690
7973
4800
11415
6298
6753
7532
1338
2196
12076
15404
7810
6109
19242
7623
17476
10381
17756
17914
8461
1878
11172
11762
2734
3422
1578
10601
10907
2525
18507
838
13244
3545
7668
17375
4188
11420
4036
5545
17414
391
13352
8363
1136
573
821
8123
4408
1965
1280
1111
7886
12194
4725
11446
18761
9254
16826
1784
10081
3716
6135
96
8845
7227
6815
13919
12705
19766
9891
19866
1814
3662
14065
9786
3660
19181
13115
13189
11777
9814
4892
5690
13010
10055
555
747
7368
897
14716
15942
10446
5703
18512
8198
9290
11405
7602
6420
4611
18526
11295
4773
15103
6544
11220
13889
1620
2173
12679
8751
14706
965
294
7321
11523
3814
363
17067
14071
4090
16591
12282
13215
16095
3986
14563
6462
6727
3169
8853
15079
14780
17451
15476
6058
19794
12566
1364
10902
1754
8024
3626
11839
19914
174
17077
8868
9121
5794
6549
14416
9923
6897
11019
8832
6189
17187
17639
14018
17275
890
13341
14400
6318
18712
4507
13895
16175
12125
8168
19432
2598
15002
6184
1210
4946
4037
15825
17002
6621
18130
461
13292
14661
8567
8912
8398
10716
18847
7819
14079
8806
8355
19532
16938
4165
3006
3892
2292
15488
11234
6476
10987
6148
17204
6867
6042
4196
741
6936
6015
2419
3259
16160
8018
17519
5530
4265
9233
1757
4223
2137
13817
15576
3730
5435
18680
10351
3923
9374
3530
18638
16209
19158
10838
6180
4630
10286
18832
17875
19394
13664
17553
3286
8302
6037
19521
6569
15651
15976
3552
9132
7989
12884
5956
11827
6010
8157
18382
12813
7509
14527
15021
5849
14673
4390
19675
9547
19464
13551
15262
2308
8177
7999
255
5038
6425
15614
16050
9017
19608
6122
16324
17775
5639
11728
5811
13142
11130
9438
7640
10746
16939
18004
2562
6394
3329
13001
2787
10604
10455
9840
6638
2815
8825
12474
9393
10663
19677
13646
18326
14795
15599
8086
1179
4748
7734
18540
4604
18056
7186
18463
6200
17735
4885
13145
4977
11531
19032
18083
4595
17197
14479
9697
15507
11724
13084
3106
12894
5598
13679
9980
14816
11431
12468
11663
2188
10390
7473
19590
11667
2571
4430
7134
17597
18640
9849
8824
10510
4255
3318
12756
5455
13219
6411
7571
7876
11025
15829
5488
19056
4879
14283
8923
12891
17088
19853
7841
14126
17840
694
10878
14567
8537
3505
18740
4309
15033
6774
19495
18162
19785
18458
17903
19369
15723
15302
17440
2398
2818
6620
8486
11211
3779
15474
105
6152
1852
19698
6635
14378
7636
2507
19147
6121
18874
969
16168
16589
19230
16977
8560
7130
7729
5494
8831
7647
6702
13734
14873
16236
1117
16472
338
9133
9203
11714
14086
13301
3356
7922
17585
5820
15270
14885
18882
2378
12660
19403
14423
680
916
4871
18786
7510
10621
24
9950
15394
4371
4025
3755
64
298
3236
12527
16319
6043
10420
18442
15862
5194
13905
15626
180
6862
4522
14814
6324
5819
16574
4502
9491
17014
14426
16733
582
9486
9098
8966
8768
8672
18313
11582
3593
9888
10502
8263
17124
15566
6368
12171
9485
13289
2401
3478
15894
1065
9600
7686
11611
16257
10670
17836
9728
10424
4599
5003
2453
16559
468
11661
10732
18434
15158
12059
3127
6659
7718
15589
16431
6745
16504
12761
9049
6270
675
11748
18147
18068
4857
974
442
12505
13585
16693
8292
19200
10363
2897
10873
17133
5022
14396
6617
11065
2838
3572
15224
4147
18551
3488
19543
8367
10679
14010
3514
19013
3664
17988
11718
18169
10042
11998
2158
18655
19671
1175
19282
3267
19254
507
86
4751
5755
13129
19558
9968
8847
18503
2643
12590
13694
14415
19818
10779
5413
4064
7036
18479
528
1637
6811
10867
18985
10095
1301
12648
18830
12440
9847
14220
18719
6868
9243
4331
6804
7119
8169
19079
13457
3879
16015
6963
6030
11273
12174
14156
4823
8365
6405
17097
12259
16008
4235
14979
5881
3272
8804
160
11639
10224
8298
18509
703
15230
4119
16142
12226
6373
19910
12482
10197
1695
1906
10883
13334
12753
9898
17182
8403
5702
8814
6786
13391
5843
11235
14709
7366
10476
7415
13699
8496
3522
11138
2545
11054
9755
18343
483
30
3559
15902
11545
10141
15899
13997
4985
8482
17459
6681
15057
9303
12652
59
1074
3563
9443
5992
9143
1907
19905
19621
987
19719
15163
15495
5778
7080
7350
1882
6519
14068
16290
15309
17367
13267
7986
10062
9500
14039
4883
3780
18050
10204
19991
15520
10337
15048
3990
14311
4933
12649
5830
10305
13280
13813
10134
18104
5189
10574
14788
10355
5509
11942
11110
13550
11542
14315
19733
11919
18989
9462
1449
4901
18417
15999
9195
5764
1078
10022
4048
6538
17536
18792
13508
10094
18996
17030
13988
13052
16135
9514
7382
14346
15096
4024
18248
10698
2335
10536
10559
1843
7136
13940
16031
12805
15756
3548
9342
2939
9476
13464
1038
2696
13883
13650
3430
4488
19834
13516
17942
15152
14044
5012
14585
1141
17100
9234
9518
17746
16833
3122
8926
7347
10575
15671
13068
4568
8693
10762
13819
7558
3462
5330
12932
545
19374
12851
17107
19173
10588
5786
10269
7807
4911
470
5803
13511
11491
11053
19429
4640
7432
6902
8294
12888
11479
4882
7648
9952
6547
12552
3980
15344
16805
14442
7450
10786
12342
16749
7838
14357
9832
11193
4447
6442
4499
19828
17958
14231
12249
5086
5866
3443
9439
14385
19510
17612
15636
11672
12102
11241
18221
15992
6924
4282
15995
14458
12
8132
9466
17503
7843
8996
3155
14103
8863
14052
2516
165
8998
16758
16417
10501
14189
12045
4065
7135
641
9511
9046
2136
8884
12746
15422
13729
15868
1812
11358
7061
5338
12906
18408
13719
552
10213
7292
539
2699
11657
7947
2290
12883
7363
13336
15499
7490
10612
14182
976
17444
12824
6579
17608
5550
6434
9444
14229
9927
304
14134
4514
13603
19874
2729
11050
14369
12546
7278
13253
17685
15543
14063
15303
5909
853
104
10500
1279
3575
17309
17702
12473
13479
2155
16514
5278
12472
14908
6047
4316
9723
3502
459
11081
18446
1231
8354
6533
17613
3519
13607
19362
11438
13690
9319
8374
10417
9400
6779
7441
9175
14035
14858
473
2935
11669
7402
7199
1528
4608
11676
12657
16007
3612
10181
15654
12595
15183
19696
15581
872
14902
3064
12573
5515
869
18684
17544
13741
10520
13592
13748
14712
9975
15876
5203
7991
166
15241
1492
17406
18081
11472
3320
12578
695
5193
1033
8324
15335
1656
3945
19077
907
3178
11332
9569
8834
17547
3095
12926
19652
7723
6881
4452
3747
5169
14929
2891
19238
6480
2115
668
19350
13173
7804
260
4339
15173
8062
2143
9116
4345
19584
12918
3636
15700
9069
10586
115
6564
12919
13621
17490
1545
883
16332
2682
5662
8309
12789
2955
15063
7063
5844
17149
15794
8154
13637
2609
13604
4795
17295
7351
8803
8872
19415
18859
4768
17435
2900
16629
19004
5128
18327
3182
18810
11237
9607
16171
5220
10164
13037
282
9726
351
13240
10021
5508
7750
1174
7953
2800
2293
3269
8202
12027
19870
10944
4230
18598
11877
4097
6422
15363
16371
17402
3847
18789
8325
4229
13147
4400
5261
3842
13943
2476
2751
11450
16969
19841
10221
4840
4277
12898
16549
5540
7924
19408
17742
11646
10453
17550
1880
9707
11844
14953
8609
13212
2722
1604
10807
11107
9688
11603
14710
5732
448
2009
7260
19389
6092
12945
12522
2890
10479
249
2424
81
12234
3397
9351
17212
6467
1938
144
18476
8670
836
11477
4056
18815
4856
6578
5290
14850
11637
1310
5984
18542
16843
8740
7274
12731
8830
3123
17508
3043
7013
426
17252
8986
7216
17153
2902
3078
16233
10632
18673
14268
10263
18233
3198
3785
11754
10644
4474
12295
7170
16560
7247
19525
8138
469
7823
13321
7874
3336
256
9733
15544
1088
17511
16672
9768
14917
18275
6220
2622
19811
3974
14934
18827
14532
11399
13437
14935
17628
16144
9806
5821
13131
8314
3737
7898
10311
14347
2064
8769
654
11179
13264
10413
8928
2553
18156
11800
17041
15203
8556
16812
14965
911
13184
12669
11848
19728
15740
16072
10127
9992
16435
8939
8706
5129
964
16087
7569
7280
1325
4160
2779
10999
13024
5737
11580
6119
12930
6599
4910
3451
6306
11687
2551
10976
14765
4079
8233
3792
17357
9961
9611
18447
16679
2936
652
11143
14694
58
10129
7738
8276
4088
5760
8517
14236
11573
16662
18853
15819
19008
17833
3239
958
6219
9103
2145
8426
9938
7477
16649
3910
10318
177
13385
